1.14
1.17
1.0
0.585
0.065
-0.315
-0.445
-0.415
-0.345
-0.315
-0.33
-0.335
-0.335
-0.335
-0.345
-0.365
-0.355
-0.36
-0.36
-0.35
-0.355
-0.36
-0.365
-0.37
-0.365
-0.36
-0.365
-0.37
-0.37
-0.375
-0.37
-0.38
-0.37
-0.38
-0.405
-0.39
-0.38
-0.375
-0.385
-0.385
-0.39
-0.385
-0.375
-0.355
-0.38
-0.39
-0.4
-0.39
-0.375
-0.37
-0.365
-0.375
-0.385
-0.38
-0.375
-0.375
-0.38
-0.38
-0.4
-0.39
-0.385
-0.395
-0.385
-0.395
-0.4
-0.4
-0.395
-0.39
-0.375
-0.38
-0.39
-0.39
-0.375
-0.365
-0.38
-0.37
-0.38
-0.39
-0.385
-0.38
-0.38
-0.4
-0.4
-0.4
-0.405
-0.395
-0.39
-0.41
-0.42
-0.405
-0.405
-0.4
-0.39
-0.395
-0.4
-0.39
-0.385
-0.38
-0.385
-0.38
-0.39
-0.39
-0.37
-0.365
-0.36
-0.365
-0.365
-0.355
-0.34
-0.33
-0.33
-0.32
-0.335
-0.31
-0.3
-0.285
-0.285
-0.285
-0.28
-0.28
-0.27
-0.255
-0.265
-0.27
-0.275
-0.275
-0.26
-0.25
-0.26
-0.265
-0.26
-0.255
-0.26
-0.25
-0.255
-0.26
-0.275
-0.28
-0.28
-0.26
-0.26
-0.275
-0.285
-0.28
-0.275
-0.26
-0.27
-0.275
-0.29
-0.295
-0.28
-0.28
-0.28
-0.285
-0.31
-0.31
-0.31
-0.295
-0.31
-0.315
-0.315
-0.315
-0.31
-0.305
-0.32
-0.325
-0.335
-0.325
-0.315
-0.315
-0.31
-0.325
-0.325
-0.315
-0.305
-0.31
-0.32
-0.31
-0.32
-0.32
-0.31
-0.305
-0.315
-0.31
-0.335
-0.315
-0.315
-0.305
-0.31
-0.31
-0.32
-0.32
-0.315
-0.315
-0.315
-0.315
-0.335
-0.31
-0.31
-0.305
-0.3
-0.32
-0.31
-0.305
-0.305
-0.295
-0.295
-0.3
-0.31
-0.315
-0.295
-0.285
-0.275
-0.265
-0.275
-0.25
-0.24
-0.22
-0.225
-0.235
-0.225
-0.22
-0.205
-0.18
-0.185
-0.2
-0.225
-0.21
-0.21
-0.215
-0.21
-0.21
-0.225
-0.225
-0.22
-0.215
-0.195
-0.19
-0.21
-0.235
-0.25
-0.265
-0.265
-0.275
-0.305
-0.31
-0.31
-0.31
-0.32
-0.325
-0.34
-0.325
-0.34
-0.32
-0.315
-0.32
-0.34
-0.34
-0.33
-0.335
-0.325
-0.355
-0.35
-0.35
-0.335
-0.325
-0.34
-0.35
-0.36
-0.355
-0.35
-0.35
-0.375
-0.415
-0.46
-0.49
-0.51
-0.53
-0.555
-0.515
-0.385
-0.215
-0.045
0.17
0.415
0.685
0.9
1.03
1.07
0.915
0.545
0.065
-0.3
-0.455
-0.435
-0.385
-0.355
-0.345
-0.355
-0.36
-0.37
-0.36
-0.365
-0.38
-0.385
-0.38
-0.385
-0.385
-0.385
-0.395
-0.405
-0.39
-0.385
-0.37
-0.37
-0.375
-0.395
-0.395
-0.38
-0.365
-0.37
-0.385
-0.395
-0.385
-0.375
-0.37
-0.38
-0.385
-0.385
-0.395
-0.39
-0.38
-0.385
-0.39
-0.405
-0.41
-0.395
-0.385
-0.375
-0.385
-0.405
-0.385
-0.395
-0.37
-0.38
-0.38
-0.39
-0.38
-0.375
-0.375
-0.385
-0.39
-0.39
-0.385
-0.38
-0.38
-0.37
-0.385
-0.39
-0.395
-0.385
-0.38
-0.38
-0.375
-0.4
-0.395
-0.385
-0.375
-0.385
-0.395
-0.405
-0.41
-0.4
-0.375
-0.385
-0.395
-0.4
-0.4
-0.4
-0.39
-0.375
-0.395
-0.405
-0.405
-0.395
-0.39
-0.395
-0.39
-0.4
-0.4
-0.385
-0.38
-0.38
-0.39
-0.4
-0.385
-0.365
-0.345
-0.34
-0.34
-0.345
-0.325
-0.31
-0.295
-0.285
-0.295
-0.295
-0.285
-0.265
-0.265
-0.26
-0.265
-0.275
-0.285
-0.26
-0.26
-0.26
-0.28
-0.285
-0.285
-0.29
-0.275
-0.265
-0.28
-0.285
-0.3
-0.275
-0.28
-0.29
-0.29
-0.29
-0.28
-0.27
-0.265
-0.285
-0.285
-0.285
-0.295
-0.29
-0.28
-0.275
-0.275
-0.295
-0.3
-0.305
-0.305
-0.305
-0.32
-0.325
-0.33
-0.325
-0.315
-0.295
-0.315
-0.33
-0.33
-0.32
-0.315
-0.305
-0.31
-0.34
-0.335
-0.33
-0.32
-0.32
-0.335
-0.35
-0.35
-0.335
-0.325
-0.315
-0.325
-0.335
-0.345
-0.345
-0.335
-0.335
-0.35
-0.355
-0.37
-0.345
-0.35
-0.355
-0.375
-0.375
-0.36
-0.36
-0.345
-0.335
-0.345
-0.355
-0.36
-0.35
-0.34
-0.345
-0.34
-0.365
-0.355
-0.34
-0.33
-0.335
-0.345
-0.355
-0.355
-0.355
-0.345
-0.345
-0.35
-0.35
-0.345
-0.32
-0.305
-0.29
-0.3
-0.295
-0.29
-0.285
-0.27
-0.255
-0.26
-0.26
-0.255
-0.24
-0.225
-0.23
-0.24
-0.245
-0.26
-0.265
-0.265
-0.26
-0.28
-0.29
-0.295
-0.285
-0.255
-0.255
-0.265
-0.29
-0.32
-0.315
-0.315
-0.32
-0.345
-0.39
-0.38
-0.39
-0.385
-0.39
-0.4
-0.385
-0.385
-0.385
-0.385
-0.38
-0.395
-0.385
-0.39
-0.385
-0.385
-0.395
-0.395
-0.405
-0.405
-0.395
-0.38
-0.385
-0.39
-0.395
-0.385
-0.385
-0.38
-0.395
-0.405
-0.435
-0.455
-0.49
-0.51
-0.54
-0.595
-0.62
-0.58
-0.47
-0.33
-0.185
-0.025
0.215
0.49
0.72
0.86
0.865
0.715
0.375
-0.01
-0.305
-0.46
-0.52
-0.515
-0.485
-0.47
-0.45
-0.435
-0.43
-0.45
-0.45
-0.44
-0.435
-0.445
-0.44
-0.44
-0.455
-0.455
-0.445
-0.44
-0.445
-0.45
-0.455
-0.465
-0.44
-0.425
-0.42
-0.435
-0.455
-0.47
-0.465
-0.46
-0.45
-0.455
-0.47
-0.46
-0.455
-0.45
-0.455
-0.465
-0.47
-0.465
-0.45
-0.45
-0.45
-0.46
-0.465
-0.475
-0.45
-0.45
-0.445
-0.45
-0.46
-0.465
-0.46
-0.44
-0.445
-0.455
-0.46
-0.465
-0.46
-0.44
-0.45
-0.47
-0.47
-0.465
-0.465
-0.455
-0.46
-0.475
-0.475
-0.47
-0.455
-0.445
-0.465
-0.455
-0.46
-0.455
-0.46
-0.445
-0.465
-0.485
-0.495
-0.495
-0.475
-0.465
-0.475
-0.485
-0.5
-0.505
-0.51
-0.5
-0.51
-0.54
-0.54
-0.545
-0.535
-0.505
-0.515
-0.515
-0.53
-0.53
-0.53
-0.52
-0.505
-0.51
-0.5
-0.5
-0.485
-0.47
-0.47
-0.445
-0.45
-0.445
-0.44
-0.415
-0.41
-0.415
-0.41
-0.39
-0.38
-0.365
-0.38
-0.37
-0.37
-0.385
-0.365
-0.365
-0.375
-0.385
-0.38
-0.385
-0.37
-0.365
-0.37
-0.39
-0.39
-0.39
-0.39
-0.38
-0.385
-0.39
-0.385
-0.38
-0.37
-0.385
-0.39
-0.41
-0.42
-0.415
-0.4
-0.395
-0.4
-0.415
-0.41
-0.41
-0.4
-0.39
-0.405
-0.405
-0.425
-0.415
-0.415
-0.395
-0.41
-0.41
-0.41
-0.43
-0.41
-0.405
-0.42
-0.425
-0.435
-0.43
-0.435
-0.43
-0.44
-0.44
-0.445
-0.445
-0.44
-0.435
-0.43
-0.435
-0.44
-0.435
-0.43
-0.425
-0.405
-0.41
-0.415
-0.42
-0.41
-0.41
-0.425
-0.415
-0.42
-0.425
-0.42
-0.415
-0.42
-0.44
-0.445
-0.45
-0.455
-0.435
-0.425
-0.425
-0.425
-0.435
-0.42
-0.405
-0.41
-0.405
-0.425
-0.435
-0.435
-0.425
-0.41
-0.395
-0.39
-0.395
-0.37
-0.35
-0.37
-0.37
-0.375
-0.375
-0.345
-0.32
-0.335
-0.325
-0.325
-0.33
-0.335
-0.32
-0.35
-0.35
-0.35
-0.36
-0.345
-0.34
-0.35
-0.365
-0.345
-0.335
-0.325
-0.33
-0.355
-0.38
-0.4
-0.425
-0.43
-0.435
-0.455
-0.46
-0.46
-0.46
-0.44
-0.43
-0.435
-0.44
-0.45
-0.45
-0.44
-0.43
-0.43
-0.45
-0.46
-0.46
-0.45
-0.44
-0.445
-0.455
-0.475
-0.485
-0.47
-0.465
-0.46
-0.465
-0.48
-0.49
-0.49
-0.53
-0.555
-0.575
-0.615
-0.655
-0.635
-0.56
-0.445
-0.28
-0.105
0.1
0.36
0.59
0.775
0.89
0.88
0.675
0.31
-0.105
-0.405
-0.55
-0.57
-0.55
-0.505
-0.47
-0.465
-0.475
-0.48
-0.48
-0.465
-0.46
-0.465
-0.465
-0.475
-0.49
-0.48
-0.465
-0.48
-0.475
-0.48
-0.49
-0.465
-0.455
-0.46
-0.455
-0.475
-0.475
-0.455
-0.445
-0.455
-0.465
-0.47
-0.485
-0.46
-0.46
-0.46
-0.46
-0.47
-0.465
-0.46
-0.455
-0.45
-0.465
-0.475
-0.48
-0.47
-0.46
-0.465
-0.465
-0.48
-0.48
-0.48
-0.47
-0.475
-0.465
-0.48
-0.475
-0.465
-0.455
-0.46
-0.465
-0.46
-0.465
-0.46
-0.445
-0.455
-0.46
-0.47
-0.47
-0.46
-0.455
-0.45
-0.47
-0.46
-0.465
-0.46
-0.465
-0.475
-0.49
-0.48
-0.495
-0.495
-0.475
-0.49
-0.495
-0.505
-0.5
-0.51
-0.485
-0.5
-0.5
-0.52
-0.515
-0.515
-0.505
-0.52
-0.525
-0.53
-0.53
-0.52
-0.495
-0.495
-0.495
-0.49
-0.48
-0.455
-0.435
-0.425
-0.425
-0.405
-0.4
-0.385
-0.365
-0.36
-0.365
-0.35
-0.355
-0.345
-0.335
-0.335
-0.325
-0.34
-0.34
-0.325
-0.335
-0.335
-0.335
-0.33
-0.345
-0.32
-0.305
-0.31
-0.315
-0.33
-0.32
-0.32
-0.3
-0.305
-0.315
-0.325
-0.33
-0.31
-0.31
-0.31
-0.32
-0.315
-0.33
-0.325
-0.32
-0.32
-0.32
-0.345
-0.335
-0.33
-0.315
-0.315
-0.32
-0.32
-0.335
-0.305
-0.31
-0.315
-0.32
-0.33
-0.33
-0.325
-0.31
-0.315
-0.335
-0.335
-0.34
-0.33
-0.32
-0.315
-0.32
-0.335
-0.34
-0.32
-0.31
-0.32
-0.32
-0.345
-0.34
-0.325
-0.325
-0.32
-0.315
-0.325
-0.32
-0.32
-0.295
-0.295
-0.305
-0.3
-0.31
-0.295
-0.285
-0.305
-0.295
-0.3
-0.3
-0.295
-0.285
-0.295
-0.285
-0.31
-0.295
-0.295
-0.29
-0.29
-0.295
-0.31
-0.315
-0.305
-0.295
-0.295
-0.295
-0.3
-0.3
-0.28
-0.28
-0.27
-0.275
-0.27
-0.26
-0.22
-0.215
-0.205
-0.205
-0.215
-0.21
-0.2
-0.19
-0.18
-0.185
-0.185
-0.185
-0.175
-0.165
-0.175
-0.185
-0.205
-0.215
-0.2
-0.185
-0.19
-0.205
-0.22
-0.22
-0.215
-0.205
-0.175
-0.165
-0.165
-0.175
-0.205
-0.215
-0.24
-0.255
-0.27
-0.285
-0.285
-0.29
-0.295
-0.29
-0.305
-0.315
-0.295
-0.29
-0.3
-0.305
-0.31
-0.31
-0.3
-0.295
-0.295
-0.31
-0.315
-0.315
-0.315
-0.305
-0.305
-0.315
-0.325
-0.34
-0.355
-0.4
-0.43
-0.46
-0.48
-0.515
-0.51
-0.435
-0.29
-0.12
0.07
0.3
0.59
0.89
1.105
1.235
1.285
1.18
0.905
0.525
0.11
-0.21
-0.405
-0.465
-0.445
-0.4
-0.355
-0.33
-0.33
-0.34
-0.34
-0.32
-0.325
-0.34
-0.345
-0.36
-0.345
-0.33
-0.335
-0.35
-0.355
-0.355
-0.34
-0.335
-0.345
-0.355
-0.36
-0.365
-0.35
-0.35
-0.36
-0.35
-0.365
-0.355
-0.355
-0.34
-0.35
-0.35
-0.35
-0.355
-0.345
-0.335
-0.325
-0.345
-0.345
-0.35
-0.34
-0.33
-0.33
-0.345
-0.355
-0.35
-0.335
-0.33
-0.33
-0.34
-0.35
-0.355
-0.34
-0.33
-0.35
-0.345
-0.355
-0.365
-0.355
-0.35
-0.335
-0.35
-0.36
-0.35
-0.34
-0.325
-0.335
-0.34
-0.35
-0.35
-0.33
-0.335
-0.34
-0.35
-0.35
-0.365
-0.365
-0.36
-0.35
-0.365
-0.385
-0.38
-0.37
-0.37
-0.36
-0.35
-0.35
-0.365
-0.355
-0.34
-0.33
-0.335
-0.33
-0.33
-0.32
-0.295
-0.3
-0.295
-0.295
-0.295
-0.275
-0.25
-0.25
-0.245
-0.255
-0.255
-0.24
-0.215
-0.225
-0.215
-0.23
-0.23
-0.21
-0.205
-0.215
-0.21
-0.21
-0.21
-0.205
-0.205
-0.195
-0.22
-0.22
-0.22
-0.21
-0.2
-0.195
-0.215
-0.215
-0.23
-0.22
-0.215
-0.225
-0.215
-0.235
-0.235
-0.235
-0.215
-0.23
-0.23
-0.245
-0.25
-0.215
-0.21
-0.215
-0.225
-0.24
-0.24
-0.23
-0.215
-0.22
-0.23
-0.245
-0.25
-0.24
-0.23
-0.225
-0.245
-0.255
-0.26
-0.25
-0.25
-0.25
-0.255
-0.26
-0.26
-0.255
-0.245
-0.245
-0.26
-0.26
-0.27
-0.26
-0.25
-0.25
-0.255
-0.27
-0.26
-0.25
-0.25
-0.235
-0.255
-0.25
-0.26
-0.245
-0.24
-0.24
-0.25
-0.26
-0.255
-0.245
-0.245
-0.24
-0.255
-0.255
-0.26
-0.255
-0.24
-0.25
-0.25
-0.255
-0.25
-0.24
-0.235
-0.235
-0.23
-0.245
-0.24
-0.225
-0.205
-0.19
-0.18
-0.175
-0.175
-0.165
-0.155
-0.15
-0.16
-0.15
-0.155
-0.14
-0.135
-0.12
-0.125
-0.135
-0.14
-0.145
-0.135
-0.155
-0.15
-0.165
-0.16
-0.145
-0.155
-0.15
-0.15
-0.155
-0.13
-0.11
-0.125
-0.165
-0.18
-0.21
-0.23
-0.24
-0.23
-0.24
-0.275
-0.28
-0.28
-0.27
-0.26
-0.265
-0.27
-0.29
-0.275
-0.27
-0.26
-0.275
-0.275
-0.275
-0.29
-0.275
-0.26
-0.28
-0.275
-0.275
-0.28
-0.27
-0.27
-0.275
-0.31
-0.35
-0.395
-0.42
-0.43
-0.45
-0.505
-0.51
-0.455
-0.31
-0.125
0.07
0.29
0.55
0.835
1.055
1.14
1.07
0.765
0.305
-0.13
-0.375
-0.39
-0.325
-0.275
-0.27
-0.29
-0.285
-0.295
-0.3
-0.305
-0.32
-0.335
-0.315
-0.31
-0.315
-0.315
-0.325
-0.325
-0.315
-0.305
-0.305
-0.305
-0.315
-0.33
-0.31
-0.305
-0.305
-0.32
-0.315
-0.335
-0.32
-0.31
-0.305
-0.31
-0.31
-0.325
-0.31
-0.305
-0.315
-0.315
-0.32
-0.33
-0.325
-0.305
-0.305
-0.315
-0.325
-0.34
-0.32
-0.315
-0.31
-0.31
-0.305
-0.315
-0.315
-0.3
-0.3
-0.31
-0.305
-0.315
-0.295
-0.305
-0.29
-0.3
-0.315
-0.32
-0.31
-0.295
-0.305
-0.315
-0.325
-0.33
-0.315
-0.31
-0.31
-0.31
-0.345
-0.34
-0.33
-0.315
-0.325
-0.32
-0.335
-0.34
-0.335
-0.325
-0.325
-0.335
-0.34
-0.35
-0.33
-0.32
-0.32
-0.325
-0.33
-0.335
-0.32
-0.32
-0.315
-0.305
-0.305
-0.3
-0.29
-0.265
-0.265
-0.265
-0.26
-0.26
-0.235
-0.225
-0.205
-0.22
-0.21
-0.22
-0.2
-0.19
-0.195
-0.19
-0.205
-0.2
-0.19
-0.19
-0.19
-0.19
-0.195
-0.21
-0.205
-0.195
-0.185
-0.195
-0.2
-0.21
-0.195
-0.195
-0.19
-0.2
-0.21
-0.21
-0.195
-0.19
-0.19
-0.195
-0.215
-0.22
-0.215
-0.21
-0.2
-0.215
-0.225
-0.24
-0.23
-0.23
-0.24
-0.245
-0.25
-0.25
-0.23
-0.235
-0.225
-0.23
-0.235
-0.245
-0.24
-0.25
-0.245
-0.255
-0.255
-0.265
-0.24
-0.23
-0.24
-0.255
-0.255
-0.255
-0.255
-0.25
-0.25
-0.26
-0.275
-0.27
-0.26
-0.25
-0.25
-0.26
-0.26
-0.27
-0.25
-0.245
-0.255
-0.255
-0.255
-0.26
-0.25
-0.255
-0.24
-0.255
-0.255
-0.255
-0.245
-0.235
-0.235
-0.24
-0.255
-0.275
-0.27
-0.27
-0.255
-0.255
-0.26
-0.265
-0.25
-0.23
-0.215
-0.205
-0.215
-0.21
-0.2
-0.185
-0.18
-0.185
-0.175
-0.175
-0.15
-0.14
-0.145
-0.15
-0.15
-0.16
-0.16
-0.16
-0.175
-0.19
-0.2
-0.19
-0.205
-0.195
-0.185
-0.175
-0.17
-0.17
-0.19
-0.205
-0.215
-0.23
-0.25
-0.28
-0.28
-0.28
-0.285
-0.285
-0.295
-0.3
-0.305
-0.295
-0.29
-0.3
-0.315
-0.315
-0.305
-0.32
-0.315
-0.32
-0.34
-0.34
-0.335
-0.335
-0.32
-0.335
-0.33
-0.33
-0.315
-0.315
-0.315
-0.33
-0.36
-0.4
-0.42
-0.445
-0.49
-0.54
-0.56
-0.51
-0.37
-0.225
-0.045
0.17
0.44
0.71
0.895
0.955
0.82
0.505
0.09
-0.24
-0.43
-0.46
-0.44
-0.405
-0.38
-0.385
