1.18
0.885
0.59
0.4
0.305
0.26
0.185
0.05
-0.06
-0.125
-0.16
-0.2
-0.28
-0.33
-0.34
-0.355
-0.38
-0.405
-0.415
-0.43
-0.435
-0.425
-0.435
-0.435
-0.435
-0.45
-0.44
-0.44
-0.43
-0.44
-0.455
-0.46
-0.45
-0.43
-0.415
-0.43
-0.445
-0.44
-0.435
-0.425
-0.42
-0.43
-0.445
-0.44
-0.43
-0.43
-0.445
-0.445
-0.45
-0.46
-0.44
-0.435
-0.435
-0.44
-0.445
-0.44
-0.435
-0.435
-0.43
-0.44
-0.435
-0.45
-0.44
-0.435
-0.435
-0.43
-0.43
-0.435
-0.425
-0.43
-0.42
-0.41
-0.415
-0.415
-0.41
-0.405
-0.395
-0.39
-0.395
-0.4
-0.375
-0.37
-0.36
-0.355
-0.355
-0.345
-0.335
-0.325
-0.31
-0.305
-0.305
-0.29
-0.28
-0.26
-0.25
-0.235
-0.235
-0.235
-0.22
-0.2
-0.18
-0.175
-0.175
-0.17
-0.15
-0.14
-0.13
-0.125
-0.14
-0.125
-0.125
-0.1
-0.105
-0.105
-0.11
-0.11
-0.11
-0.1
-0.11
-0.12
-0.13
-0.15
-0.16
-0.16
-0.155
-0.17
-0.195
-0.225
-0.225
-0.225
-0.24
-0.255
-0.275
-0.295
-0.29
-0.285
-0.3
-0.31
-0.32
-0.33
-0.32
-0.315
-0.31
-0.32
-0.335
-0.35
-0.335
-0.335
-0.335
-0.33
-0.335
-0.355
-0.345
-0.34
-0.33
-0.345
-0.355
-0.36
-0.345
-0.35
-0.335
-0.335
-0.345
-0.345
-0.345
-0.35
-0.33
-0.335
-0.35
-0.35
-0.35
-0.335
-0.325
-0.325
-0.345
-0.325
-0.325
-0.315
-0.315
-0.33
-0.335
-0.34
-0.325
-0.3
-0.295
-0.305
-0.31
-0.31
-0.31
-0.305
-0.305
-0.305
-0.31
-0.31
-0.295
-0.285
-0.285
-0.29
-0.3
-0.295
-0.31
-0.3
-0.295
-0.3
-0.31
-0.315
-0.305
-0.305
-0.3
-0.295
-0.295
-0.3
-0.29
-0.285
-0.29
-0.295
-0.3
-0.305
-0.3
-0.29
-0.295
-0.305
-0.305
-0.315
-0.3
-0.285
-0.295
-0.285
-0.3
-0.295
-0.3
-0.28
-0.29
-0.295
-0.3
-0.295
-0.3
-0.29
-0.29
-0.29
-0.295
-0.305
-0.29
-0.275
-0.28
-0.27
-0.275
-0.27
-0.28
-0.275
-0.28
-0.27
-0.275
-0.285
-0.28
-0.265
-0.265
-0.26
-0.27
-0.285
-0.275
-0.27
-0.265
-0.255
-0.265
-0.275
-0.275
-0.25
-0.26
-0.26
-0.265
-0.275
-0.27
-0.27
-0.265
-0.26
-0.25
-0.265
-0.255
-0.25
-0.255
-0.27
-0.28
-0.27
-0.26
-0.255
-0.255
-0.25
-0.255
-0.28
-0.255
-0.25
-0.24
-0.235
-0.23
-0.225
-0.215
-0.195
-0.195
-0.195
-0.205
-0.215
-0.2
-0.195
-0.17
-0.16
-0.16
-0.155
-0.125
-0.085
-0.075
-0.09
-0.105
-0.125
-0.12
-0.105
-0.115
-0.145
-0.15
-0.16
-0.145
-0.145
-0.155
-0.155
-0.175
-0.185
-0.18
-0.175
-0.185
-0.19
-0.2
-0.22
-0.23
-0.23
-0.23
-0.22
-0.235
-0.245
-0.245
-0.23
-0.215
-0.22
-0.235
-0.235
-0.235
-0.22
-0.215
-0.23
-0.235
-0.24
-0.23
-0.21
-0.22
-0.235
-0.275
-0.325
-0.345
-0.345
-0.31
-0.19
0.0
0.235
0.545
0.9
1.22
1.42
1.405
1.2
0.9
0.65
0.485
0.405
0.33
0.23
0.11
0.04
0.01
-0.025
-0.095
-0.14
-0.16
-0.16
-0.185
-0.205
-0.23
-0.235
-0.24
-0.23
-0.23
-0.24
-0.245
-0.26
-0.255
-0.245
-0.245
-0.25
-0.25
-0.245
-0.245
-0.245
-0.235
-0.245
-0.255
-0.245
-0.25
-0.24
-0.245
-0.245
-0.245
-0.255
-0.245
-0.235
-0.235
-0.235
-0.235
-0.245
-0.255
-0.24
-0.23
-0.23
-0.225
-0.245
-0.24
-0.225
-0.22
-0.23
-0.24
-0.255
-0.235
-0.22
-0.22
-0.215
-0.225
-0.225
-0.215
-0.205
-0.2
-0.19
-0.19
-0.2
-0.185
-0.16
-0.15
-0.15
-0.155
-0.16
-0.14
-0.11
-0.12
-0.12
-0.12
-0.11
-0.09
-0.065
-0.06
-0.05
-0.065
-0.04
-0.02
0.005
0.015
0.01
0.015
0.03
0.05
0.055
0.05
0.05
0.055
0.07
0.1
0.105
0.1
0.095
0.1
0.085
0.075
0.09
0.08
0.08
0.065
0.05
0.06
0.055
0.035
0.0
-0.015
-0.02
-0.03
-0.03
-0.04
-0.055
-0.065
-0.09
-0.085
-0.08
-0.085
-0.1
-0.115
-0.125
-0.125
-0.12
-0.115
-0.11
-0.13
-0.135
-0.13
-0.13
-0.14
-0.135
-0.145
-0.155
-0.155
-0.15
-0.14
-0.15
-0.16
-0.165
-0.15
-0.14
-0.14
-0.155
-0.15
-0.15
-0.155
-0.15
-0.15
-0.145
-0.145
-0.16
-0.14
-0.145
-0.145
-0.14
-0.14
-0.145
-0.145
-0.14
-0.135
-0.145
-0.145
-0.155
-0.16
-0.145
-0.155
-0.165
-0.16
-0.16
-0.15
-0.145
-0.15
-0.145
-0.16
-0.17
-0.165
-0.175
-0.165
-0.17
-0.17
-0.18
-0.185
-0.17
-0.165
-0.175
-0.185
-0.195
-0.185
-0.175
-0.17
-0.17
-0.18
-0.195
-0.195
-0.195
-0.2
-0.19
-0.21
-0.21
-0.205
-0.195
-0.195
-0.19
-0.205
-0.225
-0.225
-0.22
-0.21
-0.215
-0.23
-0.23
-0.225
-0.21
-0.205
-0.215
-0.23
-0.23
-0.225
-0.225
-0.215
-0.235
-0.245
-0.24
-0.23
-0.22
-0.235
-0.225
-0.235
-0.24
-0.225
-0.22
-0.225
-0.225
-0.24
-0.26
-0.245
-0.24
-0.24
-0.235
-0.24
-0.24
-0.245
-0.23
-0.23
-0.25
-0.245
-0.25
-0.235
-0.225
-0.22
-0.225
-0.23
-0.245
-0.22
-0.2
-0.19
-0.185
-0.195
-0.21
-0.195
-0.195
-0.19
-0.185
-0.18
-0.185
-0.16
-0.14
-0.125
-0.11
-0.105
-0.1
-0.095
-0.11
-0.11
-0.125
-0.135
-0.135
-0.135
-0.125
-0.125
-0.135
-0.145
-0.165
-0.185
-0.18
-0.175
-0.19
-0.22
-0.245
-0.245
-0.26
-0.24
-0.25
-0.26
-0.27
-0.26
-0.26
-0.245
-0.26
-0.265
-0.275
-0.27
-0.26
-0.26
-0.275
-0.275
-0.285
-0.28
-0.275
-0.28
-0.295
-0.29
-0.295
-0.31
-0.345
-0.38
-0.405
-0.4
-0.34
-0.165
0.08
0.365
0.7
1.03
1.365
1.515
1.44
1.145
0.79
0.52
0.37
0.315
0.245
0.135
0.035
-0.04
-0.085
-0.14
-0.175
-0.22
-0.255
-0.29
-0.305
-0.29
-0.29
-0.285
-0.29
-0.305
-0.31
-0.32
-0.31
-0.315
-0.325
-0.325
-0.325
-0.315
-0.32
-0.325
-0.325
-0.325
-0.33
-0.33
-0.32
-0.32
-0.34
-0.34
-0.335
-0.33
-0.31
-0.315
-0.33
-0.345
-0.345
-0.34
-0.325
-0.33
-0.325
-0.33
-0.335
-0.33
-0.325
-0.325
-0.325
-0.335
-0.345
-0.335
-0.315
-0.32
-0.325
-0.345
-0.345
-0.33
-0.32
-0.33
-0.32
-0.335
-0.335
-0.32
-0.305
-0.31
-0.305
-0.3
-0.31
-0.305
-0.275
-0.265
-0.265
-0.265
-0.255
-0.24
-0.23
-0.22
-0.21
-0.21
-0.22
-0.205
-0.175
-0.16
-0.165
-0.155
-0.135
-0.11
-0.095
-0.075
-0.095
-0.09
-0.075
-0.065
-0.04
-0.045
-0.04
-0.05
-0.05
-0.035
-0.025
-0.03
-0.045
-0.055
-0.065
-0.07
-0.06
-0.08
-0.095
-0.115
-0.14
-0.145
-0.15
-0.155
-0.16
-0.185
-0.2
-0.215
-0.225
-0.23
-0.25
-0.25
-0.26
-0.255
-0.26
-0.26
-0.26
-0.265
-0.29
-0.275
-0.285
-0.29
-0.29
-0.3
-0.295
-0.3
-0.305
-0.29
-0.29
-0.295
-0.305
-0.305
-0.305
-0.3
-0.31
-0.31
-0.345
-0.32
-0.325
-0.32
-0.315
-0.315
-0.325
-0.305
-0.3
-0.305
-0.315
-0.31
-0.32
-0.305
-0.29
-0.285
-0.295
-0.3
-0.305
-0.3
-0.29
-0.305
-0.29
-0.31
-0.315
-0.3
-0.3
-0.295
-0.305
-0.31
-0.31
-0.3
-0.285
-0.29
-0.285
-0.295
-0.31
-0.325
-0.315
-0.315
-0.305
-0.305
-0.31
-0.3
-0.29
-0.3
-0.31
-0.325
-0.33
-0.32
-0.31
-0.31
-0.315
-0.315
-0.32
-0.31
-0.29
-0.295
-0.3
-0.31
-0.34
-0.315
-0.3
-0.305
-0.31
-0.315
-0.325
-0.315
-0.305
-0.3
-0.32
-0.32
-0.32
-0.32
-0.315
-0.315
-0.31
-0.315
-0.315
-0.315
-0.305
-0.305
-0.32
-0.32
-0.325
-0.325
-0.305
-0.31
-0.305
-0.315
-0.32
-0.31
-0.305
-0.305
-0.315
-0.315
-0.32
-0.32
-0.305
-0.31
-0.32
-0.315
-0.33
-0.315
-0.315
-0.305
-0.305
-0.315
-0.325
-0.31
-0.305
-0.3
-0.31
-0.31
-0.315
-0.3
-0.29
-0.29
-0.295
-0.29
-0.29
-0.285
-0.27
-0.26
-0.255
-0.255
-0.27
-0.255
-0.25
-0.245
-0.255
-0.25
-0.235
-0.215
-0.185
-0.165
-0.17
-0.18
-0.2
-0.2
-0.21
-0.195
-0.2
-0.21
-0.22
-0.205
-0.21
-0.22
-0.23
-0.24
-0.24
-0.235
-0.245
-0.265
-0.285
-0.3
-0.31
-0.305
-0.31
-0.325
-0.325
-0.325
-0.33
-0.325
-0.32
-0.315
-0.32
-0.32
-0.34
-0.355
-0.335
-0.325
-0.345
-0.35
-0.35
-0.33
-0.325
-0.33
-0.345
-0.355
-0.38
-0.415
-0.435
-0.45
-0.445
-0.395
-0.25
-0.025
0.26
0.585
0.94
1.215
1.32
1.235
0.99
0.705
0.465
0.335
0.28
0.23
0.14
0.025
-0.045
-0.095
-0.17
-0.225
-0.26
-0.285
-0.315
-0.36
-0.39
-0.38
-0.38
-0.38
-0.39
-0.405
-0.41
-0.4
-0.395
-0.405
-0.41
-0.425
-0.425
-0.415
-0.405
-0.395
-0.4
-0.415
-0.425
-0.415
-0.405
-0.395
-0.41
-0.405
-0.42
-0.42
-0.405
-0.395
-0.41
-0.415
-0.43
-0.43
-0.415
-0.415
-0.425
-0.425
-0.435
-0.43
-0.41
-0.42
-0.425
-0.425
-0.435
-0.42
-0.42
-0.415
-0.41
-0.42
-0.425
-0.405
-0.4
-0.41
-0.41
-0.42
-0.395
-0.385
-0.39
-0.39
-0.39
-0.39
-0.39
-0.375
-0.37
-0.36
-0.36
-0.365
-0.355
-0.35
-0.335
-0.315
-0.32
-0.34
-0.315
-0.3
-0.28
-0.27
-0.265
-0.265
-0.265
-0.245
-0.22
-0.215
-0.2
-0.205
-0.2
-0.2
-0.17
-0.165
-0.16
-0.16
-0.155
-0.135
-0.115
-0.11
-0.12
-0.135
-0.14
-0.125
-0.11
-0.115
-0.14
-0.155
-0.17
-0.16
-0.165
-0.17
-0.185
-0.205
-0.225
-0.22
-0.235
-0.255
-0.28
-0.3
-0.315
-0.3
-0.31
-0.325
-0.33
-0.35
-0.35
-0.35
-0.345
-0.345
-0.345
-0.365
-0.38
-0.365
-0.365
-0.365
-0.38
-0.37
-0.385
-0.385
-0.385
-0.385
-0.39
-0.38
-0.39
-0.38
-0.385
-0.395
-0.39
-0.4
-0.395
-0.4
-0.39
-0.39
-0.395
-0.395
-0.395
-0.385
-0.385
-0.385
-0.385
-0.405
-0.39
-0.385
-0.37
-0.38
-0.375
-0.38
-0.385
-0.38
-0.38
-0.375
-0.38
-0.38
-0.39
-0.38
-0.37
-0.37
-0.375
-0.37
-0.38
-0.365
-0.365
-0.375
-0.365
-0.375
-0.375
-0.365
-0.355
-0.355
-0.36
-0.37
-0.39
-0.37
-0.355
-0.355
-0.37
-0.375
-0.385
-0.37
-0.375
-0.37
-0.365
-0.38
-0.385
-0.38
-0.36
-0.365
-0.38
-0.38
-0.395
-0.375
-0.37
-0.365
-0.37
-0.38
-0.385
-0.38
-0.365
-0.36
-0.365
-0.375
-0.38
-0.385
-0.38
-0.365
-0.375
-0.375
-0.375
-0.38
-0.36
-0.37
-0.38
-0.38
-0.395
-0.37
-0.36
-0.36
-0.37
-0.38
-0.385
-0.37
-0.365
-0.37
-0.38
-0.385
-0.39
-0.37
-0.36
-0.385
-0.38
-0.375
-0.38
-0.37
-0.37
-0.37
-0.38
-0.4
-0.405
-0.405
-0.385
-0.38
-0.38
-0.4
-0.39
-0.38
-0.37
-0.37
-0.375
-0.39
-0.39
-0.385
-0.375
-0.37
-0.39
-0.4
-0.39
-0.375
-0.37
-0.355
-0.365
-0.365
-0.37
-0.355
-0.34
-0.33
-0.32
-0.335
-0.345
-0.345
-0.335
-0.32
-0.33
-0.33
-0.335
-0.305
-0.29
-0.265
-0.25
-0.245
-0.24
-0.265
-0.265
-0.28
-0.275
-0.285
-0.295
-0.29
-0.27
-0.28
-0.295
-0.305
-0.31
-0.315
-0.31
-0.32
-0.335
-0.37
-0.405
-0.405
-0.395
-0.4
-0.4
-0.415
-0.405
-0.385
-0.4
-0.4
-0.4
-0.405
-0.425
-0.415
-0.415
-0.42
-0.42
-0.42
-0.43
-0.425
-0.42
-0.41
-0.41
-0.415
-0.425
-0.425
-0.45
-0.5
-0.52
-0.545
-0.49
-0.37
-0.18
0.085
0.37
0.725
1.045
1.235
1.21
0.98
0.675
0.415
0.25
0.195
0.14
0.04
-0.085
-0.175
-0.23
-0.29
-0.325
-0.365
-0.41
-0.46
-0.475
-0.485
-0.46
-0.465
-0.465
-0.48
-0.495
-0.485
-0.485
-0.47
-0.47
-0.475
-0.49
-0.485
-0.485
-0.485
-0.49
-0.485
-0.49
-0.485
-0.475
-0.47
-0.48
-0.49
-0.495
-0.485
-0.48
-0.475
-0.48
-0.495
-0.495
-0.49
-0.48
-0.48
-0.485
-0.495
-0.5
-0.5
-0.475
-0.475
-0.48
-0.495
-0.51
-0.5
-0.5
-0.5
-0.485
-0.485
-0.49
-0.485
-0.48
-0.485
-0.48
-0.475
-0.485
-0.47
-0.455
-0.445
-0.455
-0.455
-0.455
-0.445
-0.43
-0.415
-0.415
-0.425
-0.425
-0.415
-0.405
-0.4
-0.4
-0.4
-0.39
-0.375
-0.36
-0.345
-0.34
-0.335
-0.345
-0.325
-0.305
-0.285
-0.28
-0.27
-0.27
-0.245
-0.23
-0.215
-0.205
-0.205
-0.21
-0.195
-0.175
-0.17
-0.165
-0.175
-0.17
-0.155
-0.14
-0.135
-0.14
-0.16
-0.155
-0.135
-0.14
-0.155
-0.17
-0.19
-0.205
-0.2
-0.205
-0.205
-0.225
-0.255
-0.27
-0.28
-0.275
-0.285
-0.29
-0.305
-0.315
-0.32
-0.325
-0.33
-0.335
-0.345
-0.355
-0.335
-0.345
-0.335
-0.335
-0.36
-0.37
-0.375
-0.345
-0.365
-0.375
-0.375
-0.38
-0.365
-0.365
-0.365
-0.37
-0.385
-0.385
-0.385
-0.37
-0.37
-0.38
-0.38
-0.38
-0.375
-0.37
-0.365
-0.365
-0.37
-0.375
-0.375
-0.365
-0.355
-0.37
-0.38
-0.375
-0.375
-0.37
-0.355
-0.37
-0.38
-0.38
-0.36
-0.355
-0.345
-0.36
-0.355
-0.36
-0.36
-0.345
-0.345
-0.33
-0.35
-0.355
-0.35
-0.345
-0.34
-0.34
-0.335
-0.335
-0.345
-0.345
-0.34
-0.345
-0.34
-0.34
-0.335
-0.33
-0.325
-0.33
-0.345
-0.35
-0.34
-0.325
-0.325
-0.33
-0.345
-0.345
-0.325
-0.325
-0.32
-0.33
-0.345
-0.35
-0.35
-0.345
-0.34
-0.34
-0.35
-0.36
-0.35
-0.345
-0.335
-0.335
-0.345
-0.345
-0.345
-0.335
-0.33
-0.34
-0.345
-0.36
-0.355
-0.345
-0.35
-0.35
-0.335
-0.335
-0.33
-0.34
-0.34
-0.33
-0.335
-0.34
-0.34
-0.335
-0.335
-0.335
-0.34
-0.35
-0.34
-0.345
-0.345
-0.345
-0.345
-0.345
-0.335
-0.34
-0.335
-0.335
-0.34
-0.35
-0.34
-0.33
-0.33
-0.345
-0.35
-0.34
-0.33
-0.32
-0.32
-0.325
-0.34
-0.34
-0.33
-0.32
-0.315
-0.315
-0.31
-0.31
-0.295
-0.29
-0.295
-0.285
-0.295
-0.305
-0.29
-0.28
-0.265
-0.26
-0.255
-0.245
-0.215
-0.185
-0.175
-0.19
-0.2
-0.23
-0.24
-0.235
-0.245
-0.245
-0.25
-0.265
-0.26
-0.245
-0.26
-0.27
-0.29
-0.285
-0.285
-0.305
-0.32
-0.34
-0.36
-0.37
-0.36
-0.36
-0.35
-0.345
-0.355
-0.355
-0.355
-0.355
-0.355
-0.37
-0.37
-0.38
-0.36
-0.355
-0.345
-0.36
-0.385
-0.375
-0.365
-0.36
-0.37
-0.38
-0.42
-0.46
-0.485
-0.505
-0.5
-0.445
-0.32
-0.11
0.145
0.44
0.765
1.07
1.28
1.32
1.18
0.91
0.625
0.405
0.285
0.21
0.14
0.035
-0.085
-0.16
-0.17
-0.21
-0.26
-0.315
-0.33
-0.35
