0.52
0.495
0.43
0.38
0.325
0.29
0.24
0.17
0.09
0.02
-0.04
-0.085
-0.12
-0.175
-0.22
-0.255
-0.28
-0.28
-0.285
-0.295
-0.305
-0.315
-0.335
-0.335
-0.335
-0.35
-0.36
-0.37
-0.375
-0.365
-0.375
-0.37
-0.37
-0.38
-0.385
-0.38
-0.375
-0.38
-0.39
-0.395
-0.43
-0.405
-0.395
-0.415
-0.42
-0.43
-0.43
-0.435
-0.43
-0.435
-0.445
-0.44
-0.455
-0.45
-0.465
-0.49
-0.495
-0.495
-0.5
-0.475
-0.46
-0.455
-0.465
-0.455
-0.45
-0.46
-0.465
-0.435
-0.445
-0.455
-0.435
-0.415
-0.375
-0.37
-0.355
-0.345
-0.335
-0.305
-0.275
-0.255
-0.225
-0.195
-0.2
-0.16
-0.155
-0.165
-0.18
-0.17
-0.165
-0.15
-0.13
-0.135
-0.125
-0.135
-0.15
-0.145
-0.135
-0.14
-0.15
-0.17
-0.175
-0.175
-0.17
-0.17
-0.175
-0.175
-0.17
-0.16
-0.14
-0.15
-0.165
-0.165
-0.17
-0.175
-0.155
-0.17
-0.165
-0.165
-0.175
-0.15
-0.145
-0.155
-0.145
-0.16
-0.17
-0.165
-0.17
-0.175
-0.165
-0.17
-0.165
-0.145
-0.145
-0.15
-0.165
-0.165
-0.18
-0.17
-0.175
-0.165
-0.18
-0.185
-0.175
-0.17
-0.16
-0.165
-0.175
-0.185
-0.195
-0.195
-0.19
-0.205
-0.215
-0.225
-0.22
-0.205
-0.195
-0.18
-0.185
-0.19
-0.185
-0.185
-0.155
-0.17
-0.19
-0.195
-0.205
-0.205
-0.21
-0.2
-0.215
-0.215
-0.2
-0.195
-0.185
-0.2
-0.205
-0.2
-0.2
-0.2
-0.205
-0.205
-0.22
-0.24
-0.235
-0.23
-0.205
-0.18
-0.185
-0.185
-0.195
-0.205
-0.195
-0.18
-0.18
-0.19
-0.19
-0.195
-0.19
-0.195
-0.225
-0.24
-0.225
-0.215
-0.195
-0.18
-0.195
-0.195
-0.195
-0.19
-0.17
-0.185
-0.19
-0.21
-0.22
-0.21
-0.195
-0.19
-0.185
-0.205
-0.2
-0.195
-0.185
-0.18
-0.185
-0.185
-0.17
-0.155
-0.15
-0.155
-0.17
-0.175
-0.18
-0.18
-0.17
-0.165
-0.17
-0.185
-0.195
-0.195
-0.195
-0.18
-0.2
-0.195
-0.185
-0.175
-0.16
-0.16
-0.165
-0.165
-0.17
-0.15
-0.16
-0.155
-0.17
-0.18
-0.18
-0.165
-0.16
-0.16
-0.17
-0.185
-0.16
-0.155
-0.135
-0.15
-0.175
-0.21
-0.22
-0.225
-0.195
-0.12
-0.015
0.085
0.17
0.255
0.325
0.385
0.405
0.43
0.475
0.515
0.53
0.51
0.44
0.395
0.355
0.32
0.285
0.22
0.15
0.075
0.005
-0.045
-0.09
-0.13
-0.17
-0.22
-0.235
-0.23
-0.245
-0.245
-0.265
-0.29
-0.29
-0.295
-0.29
-0.28
-0.305
-0.335
-0.325
-0.32
-0.32
-0.33
-0.34
-0.355
-0.35
-0.35
-0.35
-0.35
-0.37
-0.375
-0.385
-0.375
-0.375
-0.375
-0.385
-0.41
-0.42
-0.4
-0.39
-0.4
-0.405
-0.425
-0.42
-0.42
-0.425
-0.425
-0.425
-0.445
-0.445
-0.44
-0.425
-0.45
-0.44
-0.455
-0.445
-0.44
-0.425
-0.42
-0.42
-0.43
-0.415
-0.395
-0.37
-0.36
-0.355
-0.35
-0.33
-0.32
-0.3
-0.285
-0.27
-0.26
-0.255
-0.23
-0.205
-0.18
-0.16
-0.16
-0.13
-0.105
-0.085
-0.085
-0.09
-0.105
-0.095
-0.085
-0.075
-0.065
-0.075
-0.095
-0.095
-0.085
-0.085
-0.09
-0.11
-0.115
-0.135
-0.13
-0.12
-0.125
-0.135
-0.155
-0.155
-0.145
-0.14
-0.135
-0.15
-0.16
-0.145
-0.145
-0.14
-0.15
-0.15
-0.165
-0.155
-0.155
-0.15
-0.155
-0.165
-0.18
-0.175
-0.165
-0.155
-0.16
-0.17
-0.19
-0.175
-0.175
-0.175
-0.185
-0.195
-0.2
-0.195
-0.185
-0.19
-0.185
-0.2
-0.21
-0.21
-0.2
-0.19
-0.195
-0.205
-0.225
-0.22
-0.2
-0.195
-0.195
-0.2
-0.22
-0.215
-0.21
-0.2
-0.21
-0.21
-0.225
-0.22
-0.22
-0.21
-0.215
-0.23
-0.23
-0.22
-0.21
-0.21
-0.205
-0.225
-0.235
-0.23
-0.23
-0.225
-0.22
-0.235
-0.245
-0.24
-0.235
-0.225
-0.22
-0.235
-0.25
-0.235
-0.225
-0.215
-0.225
-0.24
-0.24
-0.245
-0.235
-0.22
-0.235
-0.23
-0.245
-0.235
-0.23
-0.235
-0.22
-0.23
-0.25
-0.23
-0.23
-0.215
-0.225
-0.24
-0.245
-0.24
-0.22
-0.21
-0.22
-0.23
-0.23
-0.25
-0.235
-0.23
-0.225
-0.225
-0.24
-0.235
-0.23
-0.21
-0.23
-0.235
-0.24
-0.24
-0.225
-0.225
-0.225
-0.225
-0.235
-0.24
-0.23
-0.23
-0.225
-0.24
-0.255
-0.235
-0.225
-0.215
-0.23
-0.23
-0.235
-0.235
-0.23
-0.22
-0.225
-0.235
-0.235
-0.235
-0.23
-0.22
-0.235
-0.24
-0.245
-0.25
-0.225
-0.215
-0.22
-0.23
-0.245
-0.245
-0.24
-0.24
-0.25
-0.285
-0.32
-0.325
-0.27
-0.17
-0.08
0.005
0.075
0.14
0.215
0.245
0.255
0.285
0.32
0.375
0.4
0.4
0.355
0.295
0.23
0.185
0.155
0.115
0.05
-0.005
-0.065
-0.11
-0.14
-0.18
-0.21
-0.26
-0.29
-0.305
-0.295
-0.3
-0.315
-0.33
-0.345
-0.355
-0.35
-0.355
-0.355
-0.37
-0.38
-0.395
-0.39
-0.385
-0.385
-0.395
-0.415
-0.415
-0.415
-0.415
-0.425
-0.425
-0.435
-0.44
-0.425
-0.435
-0.445
-0.45
-0.46
-0.46
-0.46
-0.46
-0.47
-0.475
-0.49
-0.495
-0.48
-0.485
-0.49
-0.49
-0.505
-0.495
-0.505
-0.5
-0.5
-0.5
-0.52
-0.51
-0.495
-0.5
-0.495
-0.505
-0.5
-0.5
-0.475
-0.455
-0.45
-0.445
-0.445
-0.43
-0.405
-0.39
-0.38
-0.375
-0.37
-0.355
-0.335
-0.315
-0.29
-0.295
-0.285
-0.255
-0.235
-0.21
-0.19
-0.19
-0.185
-0.165
-0.15
-0.15
-0.145
-0.15
-0.16
-0.155
-0.15
-0.14
-0.145
-0.15
-0.17
-0.165
-0.165
-0.17
-0.18
-0.195
-0.21
-0.205
-0.19
-0.19
-0.195
-0.2
-0.22
-0.215
-0.2
-0.175
-0.2
-0.2
-0.205
-0.205
-0.19
-0.195
-0.195
-0.205
-0.21
-0.21
-0.21
-0.195
-0.2
-0.2
-0.22
-0.22
-0.215
-0.21
-0.21
-0.215
-0.22
-0.21
-0.215
-0.215
-0.215
-0.22
-0.225
-0.235
-0.23
-0.23
-0.235
-0.235
-0.245
-0.25
-0.24
-0.235
-0.235
-0.23
-0.25
-0.235
-0.23
-0.23
-0.23
-0.23
-0.245
-0.24
-0.235
-0.23
-0.235
-0.245
-0.26
-0.255
-0.24
-0.24
-0.25
-0.25
-0.255
-0.255
-0.245
-0.24
-0.24
-0.245
-0.265
-0.25
-0.255
-0.245
-0.25
-0.26
-0.27
-0.265
-0.25
-0.255
-0.25
-0.255
-0.275
-0.27
-0.26
-0.25
-0.26
-0.265
-0.28
-0.26
-0.26
-0.26
-0.265
-0.26
-0.265
-0.265
-0.255
-0.25
-0.25
-0.265
-0.265
-0.265
-0.26
-0.265
-0.255
-0.25
-0.265
-0.255
-0.26
-0.245
-0.245
-0.25
-0.275
-0.265
-0.26
-0.25
-0.245
-0.25
-0.265
-0.26
-0.255
-0.245
-0.245
-0.25
-0.265
-0.265
-0.265
-0.245
-0.245
-0.25
-0.265
-0.255
-0.25
-0.23
-0.24
-0.25
-0.27
-0.27
-0.26
-0.24
-0.245
-0.245
-0.26
-0.255
-0.25
-0.24
-0.24
-0.24
-0.255
-0.265
-0.25
-0.24
-0.24
-0.235
-0.265
-0.245
-0.24
-0.24
-0.235
-0.24
-0.25
-0.26
-0.26
-0.25
-0.255
-0.265
-0.295
-0.315
-0.32
-0.315
-0.235
-0.145
-0.04
0.04
0.115
0.19
0.235
0.235
0.3
0.35
0.42
0.445
0.435
0.39
0.33
0.285
0.24
0.19
0.12
0.055
-0.01
-0.045
-0.1
-0.14
-0.19
-0.24
-0.275
-0.295
-0.3
-0.31
-0.315
-0.345
-0.35
-0.365
-0.365
-0.375
-0.38
-0.385
-0.395
-0.4
-0.41
-0.4
-0.395
-0.42
-0.425
-0.42
-0.43
-0.43
-0.445
-0.465
-0.475
-0.48
-0.475
-0.465
-0.475
-0.47
-0.49
-0.5
-0.47
-0.475
-0.485
-0.49
-0.49
-0.49
-0.485
-0.5
-0.505
-0.505
-0.52
-0.525
-0.52
-0.515
-0.52
-0.52
-0.54
-0.525
-0.515
-0.51
-0.515
-0.51
-0.525
-0.515
-0.505
-0.48
-0.49
-0.49
-0.49
-0.475
-0.455
-0.44
-0.42
-0.41
-0.41
-0.4
-0.365
-0.355
-0.34
-0.325
-0.315
-0.28
-0.245
-0.225
-0.225
-0.205
-0.205
-0.18
-0.16
-0.155
-0.16
-0.17
-0.18
-0.18
-0.165
-0.155
-0.15
-0.17
-0.175
-0.18
-0.175
-0.165
-0.175
-0.185
-0.205
-0.19
-0.185
-0.19
-0.185
-0.195
-0.21
-0.2
-0.19
-0.18
-0.185
-0.195
-0.21
-0.21
-0.21
-0.2
-0.2
-0.2
-0.22
-0.21
-0.205
-0.2
-0.195
-0.205
-0.21
-0.205
-0.205
-0.195
-0.2
-0.215
-0.215
-0.22
-0.21
-0.215
-0.22
-0.23
-0.245
-0.225
-0.21
-0.2
-0.225
-0.22
-0.23
-0.23
-0.21
-0.21
-0.215
-0.235
-0.245
-0.235
-0.235
-0.235
-0.245
-0.23
-0.235
-0.225
-0.215
-0.21
-0.225
-0.23
-0.245
-0.255
-0.245
-0.23
-0.23
-0.23
-0.24
-0.24
-0.245
-0.24
-0.23
-0.24
-0.225
-0.22
-0.22
-0.22
-0.24
-0.245
-0.25
-0.235
-0.225
-0.22
-0.225
-0.22
-0.245
-0.24
-0.235
-0.25
-0.24
-0.26
-0.28
-0.27
-0.255
-0.24
-0.245
-0.23
-0.23
-0.215
-0.205
-0.21
-0.225
-0.24
-0.25
-0.235
-0.22
-0.22
-0.22
-0.22
-0.24
-0.24
-0.23
-0.22
-0.22
-0.23
-0.25
-0.235
-0.225
-0.22
-0.23
-0.24
-0.245
-0.235
-0.225
-0.205
-0.22
-0.23
-0.24
-0.24
-0.23
-0.21
-0.21
-0.225
-0.23
-0.23
-0.215
-0.205
-0.19
-0.205
-0.22
-0.21
-0.21
-0.21
-0.225
-0.215
-0.235
-0.22
-0.22
-0.205
-0.2
-0.205
-0.23
-0.245
-0.25
-0.25
-0.23
-0.225
-0.21
-0.205
-0.195
-0.18
-0.2
-0.22
-0.22
-0.22
-0.21
-0.21
-0.2
-0.21
-0.22
-0.205
-0.21
-0.205
-0.205
-0.21
-0.21
-0.21
-0.225
-0.25
-0.3
-0.285
-0.245
-0.125
-0.005
0.105
0.18
0.24
0.28
0.33
0.345
0.38
0.415
0.45
0.48
0.47
0.46
0.425
0.385
0.33
0.29
0.215
0.16
0.075
0.005
-0.065
-0.13
-0.165
-0.18
-0.21
-0.24
-0.26
-0.275
-0.29
-0.285
-0.275
-0.29
-0.305
-0.32
-0.325
-0.33
-0.315
-0.32
-0.325
-0.34
-0.345
-0.345
-0.345
-0.36
-0.38
-0.38
-0.405
-0.42
-0.405
-0.4
-0.4
-0.4
-0.39
-0.38
-0.375
-0.38
-0.4
-0.42
-0.425
-0.425
-0.415
-0.43
-0.44
-0.445
-0.45
-0.445
-0.435
-0.44
-0.445
-0.455
-0.445
-0.46
-0.455
-0.47
-0.475
-0.5
-0.48
-0.47
-0.46
-0.455
-0.455
-0.44
-0.435
-0.42
-0.415
-0.41
-0.415
-0.395
-0.365
-0.35
-0.34
-0.34
-0.31
-0.3
-0.275
-0.265
-0.245
-0.235
-0.225
-0.23
-0.2
-0.17
-0.135
-0.115
-0.11
-0.125
-0.1
-0.1
-0.09
-0.1
-0.11
-0.11
-0.085
-0.085
-0.08
-0.09
-0.11
-0.135
-0.115
-0.12
-0.11
-0.13
-0.135
-0.14
-0.14
-0.125
-0.13
-0.125
-0.13
-0.15
-0.145
-0.15
-0.145
-0.145
-0.145
-0.155
-0.145
-0.14
-0.145
-0.15
-0.155
-0.165
-0.165
-0.15
-0.15
-0.15
-0.16
-0.175
-0.155
-0.155
-0.15
-0.16
-0.16
-0.17
-0.16
-0.18
-0.18
-0.17
-0.175
-0.18
-0.17
-0.175
-0.16
-0.185
-0.175
-0.19
-0.185
-0.175
-0.18
-0.17
-0.185
-0.2
-0.19
-0.17
-0.18
-0.175
-0.19
-0.195
-0.185
-0.18
-0.175
-0.185
-0.18
-0.19
-0.18
-0.17
-0.175
-0.17
-0.195
-0.205
-0.2
-0.19
-0.185
-0.185
-0.2
-0.205
-0.195
-0.195
-0.185
-0.195
-0.2
-0.225
-0.21
-0.205
-0.21
-0.2
-0.205
-0.215
-0.205
-0.195
-0.2
-0.21
-0.22
-0.22
-0.21
-0.205
-0.195
-0.2
-0.205
-0.21
-0.21
-0.205
-0.195
-0.21
-0.215
-0.21
-0.21
-0.2
-0.2
-0.2
-0.2
-0.215
-0.215
-0.205
-0.195
-0.2
-0.22
-0.22
-0.205
-0.215
-0.21
-0.215
-0.22
-0.215
-0.215
-0.2
-0.21
-0.21
-0.215
-0.22
-0.205
-0.205
-0.2
-0.21
-0.22
-0.22
-0.21
-0.2
-0.2
-0.21
-0.21
-0.225
-0.22
-0.22
-0.225
-0.215
-0.225
-0.235
-0.215
-0.2
-0.21
-0.2
-0.215
-0.23
-0.23
-0.225
-0.22
-0.215
-0.225
-0.24
-0.23
-0.22
-0.215
-0.215
-0.235
-0.245
-0.25
-0.25
-0.28
-0.29
-0.285
-0.23
-0.11
0.005
0.095
0.145
0.205
0.225
0.245
0.265
0.29
0.31
0.355
0.355
0.36
0.325
0.29
0.225
0.17
0.14
0.08
0.025
-0.02
-0.08
-0.14
-0.185
-0.22
-0.245
-0.28
-0.295
-0.31
-0.335
-0.33
-0.335
-0.34
-0.345
-0.37
-0.38
-0.375
-0.385
-0.375
-0.39
-0.4
-0.4
-0.4
-0.405
-0.41
-0.42
-0.42
-0.435
-0.44
-0.43
-0.43
-0.445
-0.455
-0.47
-0.455
-0.455
-0.455
-0.47
-0.49
-0.495
-0.49
-0.475
-0.485
-0.5
-0.505
-0.505
-0.51
-0.505
-0.495
-0.51
-0.525
-0.535
-0.525
-0.51
-0.505
-0.515
-0.52
-0.525
-0.515
-0.505
-0.5
-0.505
-0.49
-0.48
-0.47
-0.45
-0.445
-0.425
-0.425
-0.415
-0.375
-0.36
-0.34
-0.33
-0.33
-0.32
-0.28
-0.255
-0.25
-0.225
-0.22
-0.21
-0.17
-0.155
-0.155
-0.16
-0.16
-0.18
-0.165
-0.155
-0.15
-0.15
-0.155
-0.155
-0.155
-0.15
-0.155
-0.175
-0.19
-0.205
-0.21
-0.185
-0.195
-0.2
-0.2
-0.205
-0.205
-0.205
-0.205
-0.195
-0.21
-0.215
-0.21
-0.205
-0.2
-0.205
-0.215
-0.22
-0.215
-0.215
-0.21
-0.215
-0.21
-0.225
-0.215
-0.205
-0.205
-0.225
-0.225
-0.22
-0.22
-0.21
-0.215
-0.22
-0.23
-0.235
-0.225
-0.235
-0.23
-0.23
-0.225
-0.23
-0.235
-0.225
-0.23
-0.23
-0.25
-0.245
-0.245
-0.23
-0.23
-0.235
-0.245
-0.255
-0.25
-0.245
-0.245
-0.235
-0.24
-0.255
-0.25
-0.235
-0.235
-0.24
-0.245
-0.26
-0.26
-0.23
-0.24
-0.235
-0.245
-0.25
-0.25
-0.25
-0.25
-0.245
-0.255
-0.26
-0.265
-0.25
-0.245
-0.255
-0.26
-0.26
-0.255
-0.26
-0.255
-0.255
-0.265
-0.265
-0.26
-0.245
-0.25
-0.255
-0.265
-0.265
-0.255
-0.255
-0.25
-0.25
-0.26
-0.26
-0.26
-0.255
-0.255
-0.255
-0.265
-0.265
-0.26
-0.26
-0.255
-0.255
-0.26
-0.26
-0.255
-0.245
-0.25
-0.245
-0.245
-0.26
-0.255
-0.245
-0.24
-0.255
-0.25
-0.255
-0.24
-0.24
-0.24
-0.235
-0.245
-0.255
-0.245
-0.245
-0.23
-0.24
-0.245
-0.255
-0.245
-0.23
-0.235
-0.235
-0.245
-0.25
-0.245
-0.235
-0.235
-0.23
-0.245
-0.25
-0.24
-0.235
-0.23
-0.235
-0.245
-0.25
-0.26
-0.275
-0.295
-0.33
-0.335
-0.255
-0.135
-0.005
0.085
0.17
0.215
0.26
0.31
0.365
0.42
0.44
0.43
0.385
0.34
0.31
0.25
0.195
0.13
0.065
0.015
-0.045
-0.085
-0.155
-0.205
-0.24
-0.26
-0.28
-0.295
-0.305
-0.325
-0.34
-0.345
-0.34
-0.36
-0.365
-0.37
-0.375
-0.38
-0.39
-0.38
-0.385
-0.405
-0.42
-0.405
-0.415
-0.41
-0.43
-0.435
-0.435
-0.43
-0.44
-0.44
-0.445
-0.455
-0.47
-0.455
-0.465
-0.465
-0.475
-0.485
-0.495
-0.49
-0.485
-0.485
-0.505
-0.515
-0.51
-0.5
-0.505
