1.71
1.805
1.72
1.425
0.91
0.34
-0.125
-0.395
-0.47
-0.45
-0.385
-0.3
-0.2
-0.145
-0.145
-0.17
-0.18
-0.185
-0.18
-0.17
-0.18
-0.2
-0.21
-0.205
-0.205
-0.225
-0.24
-0.25
-0.255
-0.24
-0.225
-0.23
-0.245
-0.25
-0.245
-0.255
-0.24
-0.235
-0.24
-0.25
-0.25
-0.24
-0.23
-0.225
-0.235
-0.24
-0.245
-0.235
-0.22
-0.225
-0.225
-0.24
-0.23
-0.215
-0.2
-0.2
-0.21
-0.22
-0.21
-0.195
-0.19
-0.175
-0.18
-0.19
-0.18
-0.16
-0.16
-0.13
-0.135
-0.145
-0.115
-0.1
-0.065
-0.07
-0.06
-0.055
-0.035
0.0
0.01
0.025
0.03
0.04
0.055
0.09
0.12
0.13
0.14
0.145
0.175
0.18
0.205
0.205
0.215
0.215
0.22
0.25
0.265
0.26
0.26
0.255
0.25
0.265
0.27
0.255
0.245
0.22
0.205
0.195
0.18
0.165
0.12
0.085
0.06
0.055
0.04
0.005
-0.015
-0.04
-0.065
-0.07
-0.085
-0.09
-0.12
-0.12
-0.135
-0.125
-0.13
-0.13
-0.14
-0.155
-0.145
-0.15
-0.145
-0.145
-0.16
-0.17
-0.16
-0.15
-0.155
-0.15
-0.15
-0.17
-0.155
-0.145
-0.145
-0.155
-0.145
-0.15
-0.15
-0.14
-0.125
-0.125
-0.115
-0.14
-0.145
-0.12
-0.12
-0.11
-0.12
-0.12
-0.12
-0.105
-0.095
-0.105
-0.105
-0.125
-0.12
-0.11
-0.1
-0.11
-0.115
-0.125
-0.13
-0.115
-0.115
-0.115
-0.13
-0.145
-0.135
-0.135
-0.13
-0.125
-0.15
-0.15
-0.15
-0.145
-0.15
-0.15
-0.155
-0.165
-0.165
-0.165
-0.165
-0.17
-0.185
-0.205
-0.18
-0.18
-0.18
-0.185
-0.185
-0.205
-0.2
-0.2
-0.195
-0.19
-0.19
-0.21
-0.23
-0.215
-0.205
-0.205
-0.22
-0.22
-0.23
-0.205
-0.21
-0.215
-0.225
-0.23
-0.225
-0.225
-0.215
-0.215
-0.22
-0.23
-0.235
-0.22
-0.21
-0.22
-0.24
-0.245
-0.24
-0.23
-0.22
-0.235
-0.23
-0.24
-0.23
-0.205
-0.18
-0.18
-0.17
-0.165
-0.16
-0.155
-0.15
-0.145
-0.15
-0.15
-0.145
-0.135
-0.14
-0.13
-0.14
-0.145
-0.135
-0.15
-0.15
-0.18
-0.19
-0.205
-0.205
-0.185
-0.175
-0.18
-0.185
-0.205
-0.205
-0.215
-0.21
-0.225
-0.24
-0.26
-0.275
-0.265
-0.265
-0.27
-0.295
-0.3
-0.305
-0.295
-0.29
-0.3
-0.31
-0.31
-0.315
-0.295
-0.29
-0.31
-0.31
-0.32
-0.32
-0.3
-0.3
-0.295
-0.31
-0.315
-0.34
-0.365
-0.425
-0.44
-0.43
-0.365
-0.285
-0.175
0.05
0.37
0.715
1.035
1.32
1.555
1.675
1.655
1.42
0.94
0.35
-0.16
-0.455
-0.57
-0.565
-0.535
-0.485
-0.41
-0.315
-0.27
-0.275
-0.305
-0.315
-0.305
-0.295
-0.295
-0.3
-0.315
-0.335
-0.34
-0.335
-0.325
-0.33
-0.36
-0.35
-0.335
-0.34
-0.34
-0.345
-0.365
-0.35
-0.35
-0.35
-0.34
-0.345
-0.36
-0.355
-0.355
-0.34
-0.34
-0.35
-0.345
-0.345
-0.335
-0.33
-0.335
-0.335
-0.335
-0.335
-0.33
-0.305
-0.32
-0.32
-0.32
-0.33
-0.31
-0.3
-0.285
-0.285
-0.28
-0.26
-0.26
-0.25
-0.245
-0.24
-0.23
-0.22
-0.19
-0.17
-0.15
-0.135
-0.14
-0.115
-0.08
-0.075
-0.045
-0.035
-0.025
0.0
0.015
0.035
0.055
0.055
0.055
0.09
0.105
0.13
0.13
0.13
0.115
0.135
0.15
0.165
0.17
0.16
0.135
0.13
0.125
0.105
0.085
0.06
0.015
0.0
-0.005
-0.03
-0.055
-0.085
-0.12
-0.14
-0.145
-0.15
-0.175
-0.195
-0.225
-0.23
-0.23
-0.235
-0.24
-0.25
-0.27
-0.27
-0.265
-0.275
-0.28
-0.28
-0.28
-0.27
-0.27
-0.26
-0.255
-0.265
-0.275
-0.285
-0.275
-0.27
-0.275
-0.27
-0.285
-0.27
-0.275
-0.26
-0.26
-0.265
-0.27
-0.265
-0.25
-0.245
-0.245
-0.255
-0.26
-0.265
-0.26
-0.245
-0.24
-0.245
-0.26
-0.265
-0.26
-0.245
-0.25
-0.26
-0.26
-0.255
-0.245
-0.235
-0.24
-0.255
-0.265
-0.255
-0.255
-0.245
-0.245
-0.265
-0.26
-0.26
-0.255
-0.255
-0.26
-0.285
-0.285
-0.275
-0.275
-0.275
-0.28
-0.3
-0.31
-0.305
-0.305
-0.3
-0.3
-0.31
-0.325
-0.315
-0.315
-0.315
-0.31
-0.32
-0.325
-0.315
-0.31
-0.31
-0.315
-0.33
-0.345
-0.335
-0.325
-0.32
-0.33
-0.335
-0.35
-0.34
-0.33
-0.34
-0.335
-0.34
-0.345
-0.35
-0.34
-0.34
-0.35
-0.35
-0.365
-0.36
-0.35
-0.34
-0.34
-0.35
-0.355
-0.35
-0.35
-0.345
-0.345
-0.35
-0.355
-0.35
-0.335
-0.315
-0.3
-0.29
-0.28
-0.275
-0.26
-0.24
-0.235
-0.245
-0.25
-0.235
-0.225
-0.215
-0.225
-0.235
-0.25
-0.25
-0.24
-0.24
-0.255
-0.27
-0.295
-0.295
-0.305
-0.3
-0.285
-0.28
-0.285
-0.295
-0.305
-0.3
-0.315
-0.33
-0.35
-0.35
-0.355
-0.365
-0.375
-0.38
-0.39
-0.395
-0.39
-0.385
-0.395
-0.405
-0.425
-0.415
-0.4
-0.395
-0.395
-0.41
-0.415
-0.425
-0.415
-0.405
-0.415
-0.425
-0.435
-0.415
-0.41
-0.41
-0.43
-0.48
-0.535
-0.565
-0.535
-0.47
-0.42
-0.35
-0.19
0.095
0.415
0.725
1.02
1.26
1.42
1.49
1.41
1.125
0.65
0.1
-0.35
-0.585
-0.675
-0.68
-0.645
-0.58
-0.505
-0.435
-0.4
-0.415
-0.415
-0.435
-0.445
-0.43
-0.415
-0.42
-0.43
-0.45
-0.47
-0.47
-0.47
-0.455
-0.45
-0.465
-0.48
-0.465
-0.47
-0.455
-0.455
-0.465
-0.48
-0.48
-0.475
-0.455
-0.45
-0.46
-0.47
-0.475
-0.47
-0.465
-0.46
-0.46
-0.465
-0.465
-0.46
-0.45
-0.45
-0.45
-0.455
-0.44
-0.45
-0.43
-0.42
-0.415
-0.435
-0.425
-0.42
-0.4
-0.39
-0.375
-0.38
-0.38
-0.365
-0.345
-0.325
-0.315
-0.315
-0.305
-0.29
-0.255
-0.235
-0.235
-0.24
-0.21
-0.185
-0.15
-0.14
-0.13
-0.125
-0.11
-0.085
-0.07
-0.065
-0.05
-0.055
-0.045
-0.02
-0.01
0.0
0.0
-0.005
0.0
0.01
0.0
0.005
0.005
-0.03
-0.025
-0.03
-0.04
-0.07
-0.08
-0.115
-0.12
-0.14
-0.15
-0.165
-0.195
-0.23
-0.235
-0.255
-0.265
-0.275
-0.295
-0.325
-0.33
-0.335
-0.33
-0.34
-0.35
-0.375
-0.38
-0.38
-0.365
-0.37
-0.37
-0.385
-0.39
-0.385
-0.365
-0.365
-0.39
-0.4
-0.395
-0.395
-0.38
-0.375
-0.395
-0.4
-0.39
-0.39
-0.365
-0.365
-0.37
-0.385
-0.385
-0.37
-0.37
-0.36
-0.37
-0.37
-0.37
-0.35
-0.35
-0.35
-0.35
-0.37
-0.365
-0.345
-0.34
-0.34
-0.345
-0.35
-0.36
-0.345
-0.335
-0.34
-0.345
-0.365
-0.36
-0.35
-0.34
-0.34
-0.345
-0.365
-0.36
-0.36
-0.345
-0.35
-0.355
-0.365
-0.37
-0.37
-0.355
-0.36
-0.375
-0.39
-0.375
-0.375
-0.38
-0.38
-0.385
-0.4
-0.4
-0.4
-0.395
-0.405
-0.405
-0.41
-0.41
-0.4
-0.4
-0.405
-0.415
-0.415
-0.42
-0.425
-0.42
-0.42
-0.435
-0.445
-0.425
-0.425
-0.42
-0.43
-0.435
-0.445
-0.425
-0.43
-0.42
-0.415
-0.43
-0.44
-0.44
-0.425
-0.43
-0.425
-0.435
-0.45
-0.44
-0.425
-0.425
-0.43
-0.44
-0.45
-0.44
-0.445
-0.42
-0.415
-0.415
-0.435
-0.44
-0.425
-0.415
-0.415
-0.425
-0.43
-0.415
-0.395
-0.39
-0.385
-0.38
-0.38
-0.365
-0.35
-0.33
-0.34
-0.34
-0.345
-0.34
-0.32
-0.305
-0.305
-0.325
-0.335
-0.32
-0.305
-0.3
-0.305
-0.33
-0.33
-0.365
-0.36
-0.365
-0.375
-0.355
-0.365
-0.35
-0.35
-0.345
-0.355
-0.375
-0.39
-0.39
-0.4
-0.395
-0.41
-0.43
-0.435
-0.43
-0.435
-0.435
-0.445
-0.455
-0.465
-0.46
-0.45
-0.44
-0.45
-0.455
-0.46
-0.455
-0.445
-0.45
-0.435
-0.45
-0.455
-0.43
-0.435
-0.425
-0.43
-0.44
-0.45
-0.46
-0.48
-0.525
-0.545
-0.56
-0.515
-0.445
-0.36
-0.22
0.03
0.325
0.62
0.92
1.2
1.375
1.46
1.39
1.11
0.63
0.14
-0.275
-0.545
-0.675
-0.7
-0.655
-0.565
-0.465
-0.38
-0.375
-0.38
-0.4
-0.4
-0.395
-0.38
-0.385
-0.4
-0.415
-0.405
-0.405
-0.405
-0.415
-0.415
-0.415
-0.415
-0.41
-0.425
-0.425
-0.415
-0.41
-0.405
-0.4
-0.405
-0.415
-0.42
-0.415
-0.4
-0.395
-0.41
-0.405
-0.41
-0.395
-0.385
-0.38
-0.38
-0.39
-0.41
-0.385
-0.38
-0.375
-0.37
-0.36
-0.365
-0.365
-0.36
-0.35
-0.34
-0.35
-0.335
-0.325
-0.305
-0.3
-0.295
-0.3
-0.3
-0.285
-0.26
-0.24
-0.225
-0.215
-0.21
-0.195
-0.165
-0.15
-0.13
-0.12
-0.115
-0.095
-0.07
-0.045
-0.03
-0.03
-0.01
0.005
0.025
0.04
0.05
0.055
0.065
0.085
0.09
0.105
0.11
0.12
0.12
0.12
0.125
0.12
0.115
0.105
0.085
0.075
0.07
0.055
0.045
0.015
-0.02
-0.03
-0.04
-0.055
-0.07
-0.095
-0.125
-0.135
-0.15
-0.17
-0.18
-0.185
-0.22
-0.21
-0.22
-0.205
-0.215
-0.23
-0.24
-0.24
-0.235
-0.235
-0.245
-0.245
-0.25
-0.245
-0.245
-0.235
-0.235
-0.245
-0.25
-0.255
-0.235
-0.23
-0.23
-0.235
-0.245
-0.235
-0.235
-0.23
-0.225
-0.225
-0.225
-0.21
-0.215
-0.195
-0.195
-0.205
-0.215
-0.2
-0.18
-0.18
-0.18
-0.185
-0.195
-0.195
-0.19
-0.175
-0.165
-0.185
-0.18
-0.18
-0.17
-0.16
-0.18
-0.19
-0.195
-0.18
-0.17
-0.175
-0.17
-0.18
-0.19
-0.195
-0.17
-0.175
-0.175
-0.18
-0.195
-0.19
-0.185
-0.185
-0.18
-0.19
-0.2
-0.195
-0.195
-0.195
-0.2
-0.215
-0.225
-0.21
-0.205
-0.185
-0.2
-0.21
-0.215
-0.215
-0.21
-0.205
-0.215
-0.21
-0.225
-0.215
-0.215
-0.215
-0.22
-0.23
-0.245
-0.24
-0.24
-0.22
-0.23
-0.225
-0.245
-0.255
-0.255
-0.255
-0.245
-0.24
-0.25
-0.26
-0.245
-0.245
-0.245
-0.25
-0.265
-0.25
-0.24
-0.24
-0.24
-0.25
-0.255
-0.255
-0.245
-0.235
-0.25
-0.25
-0.26
-0.26
-0.25
-0.23
-0.225
-0.235
-0.24
-0.22
-0.2
-0.175
-0.16
-0.16
-0.17
-0.155
-0.15
-0.145
-0.14
-0.145
-0.14
-0.14
-0.135
-0.13
-0.125
-0.12
-0.145
-0.14
-0.15
-0.145
-0.17
-0.19
-0.2
-0.195
-0.175
-0.17
-0.165
-0.17
-0.185
-0.185
-0.2
-0.2
-0.215
-0.225
-0.245
-0.25
-0.255
-0.26
-0.265
-0.265
-0.29
-0.29
-0.28
-0.285
-0.285
-0.295
-0.295
-0.295
-0.29
-0.285
-0.295
-0.305
-0.305
-0.3
-0.285
-0.285
-0.285
-0.3
-0.295
-0.295
-0.315
-0.345
-0.395
-0.43
-0.435
-0.365
-0.295
-0.205
0.0
0.31
0.65
0.98
1.28
1.525
1.68
1.7
1.545
1.175
0.65
0.13
-0.28
-0.505
-0.57
-0.545
-0.48
-0.415
-0.315
-0.265
-0.25
-0.265
-0.28
-0.27
-0.28
-0.27
-0.285
-0.285
-0.305
-0.285
-0.3
-0.31
-0.315
-0.32
-0.31
-0.3
-0.305
-0.31
-0.33
-0.32
-0.305
-0.305
-0.31
-0.315
-0.335
-0.325
-0.305
-0.305
-0.31
-0.325
-0.33
-0.32
-0.31
-0.305
-0.31
-0.31
-0.305
-0.31
-0.31
-0.29
-0.285
-0.295
-0.285
-0.285
-0.275
-0.26
-0.265
-0.265
-0.265
-0.26
-0.245
-0.225
-0.235
-0.215
-0.205
-0.195
-0.19
-0.155
-0.16
-0.135
-0.125
-0.11
-0.095
-0.07
-0.05
-0.05
-0.025
-0.01
0.015
0.04
0.05
0.065
0.065
0.1
0.12
0.13
0.14
0.145
0.145
0.16
0.18
0.2
0.2
0.195
0.19
0.19
0.2
0.195
0.19
0.18
0.15
0.13
0.125
0.105
0.075
0.06
0.02
0.01
-0.005
-0.02
-0.05
-0.07
-0.115
-0.125
-0.145
-0.15
-0.15
-0.17
-0.2
-0.2
-0.2
-0.195
-0.205
-0.22
-0.24
-0.23
-0.23
-0.225
-0.235
-0.24
-0.255
-0.24
-0.25
-0.23
-0.24
-0.245
-0.255
-0.235
-0.22
-0.225
-0.225
-0.225
-0.245
-0.235
-0.225
-0.22
-0.215
-0.22
-0.24
-0.225
-0.22
-0.21
-0.21
-0.22
-0.22
-0.215
-0.205
-0.21
-0.21
-0.22
-0.225
-0.215
-0.215
-0.21
-0.205
-0.205
-0.22
-0.22
-0.21
-0.205
-0.22
-0.225
-0.235
-0.225
-0.23
-0.215
-0.22
-0.245
-0.245
-0.24
-0.23
-0.23
-0.245
-0.25
-0.255
-0.255
-0.245
-0.255
-0.26
-0.255
-0.27
-0.275
-0.27
-0.275
-0.275
-0.295
-0.29
-0.305
-0.285
-0.285
-0.305
-0.31
-0.305
-0.32
-0.3
-0.31
-0.315
-0.32
-0.335
-0.32
-0.32
-0.315
-0.325
-0.33
-0.34
-0.34
-0.325
-0.325
-0.34
-0.34
-0.365
-0.36
-0.335
-0.34
-0.35
-0.36
-0.37
-0.365
-0.35
-0.34
-0.345
-0.345
-0.365
-0.355
-0.34
-0.34
-0.33
-0.345
-0.36
-0.355
-0.34
-0.335
-0.325
-0.345
-0.345
-0.315
-0.31
-0.29
-0.285
-0.28
-0.29
-0.28
-0.265
-0.26
-0.255
-0.255
-0.27
-0.26
-0.25
-0.25
-0.255
-0.26
-0.275
-0.27
-0.28
-0.29
-0.3
-0.32
-0.325
-0.32
-0.295
-0.285
-0.285
-0.31
-0.33
-0.355
-0.35
-0.35
-0.35
-0.37
-0.395
-0.405
-0.395
-0.39
-0.42
-0.415
-0.435
-0.44
-0.43
-0.42
-0.42
-0.44
-0.435
-0.425
-0.425
-0.42
-0.43
-0.425
-0.44
-0.435
-0.42
-0.42
-0.43
-0.445
-0.46
-0.495
-0.54
-0.555
-0.55
-0.49
-0.455
-0.36
-0.175
0.135
0.475
0.81
1.09
1.355
1.51
1.51
1.29
0.8
0.175
-0.365
-0.645
-0.7
-0.66
-0.62
-0.555
-0.45
-0.395
-0.385
-0.395
-0.42
-0.435
-0.42
-0.405
-0.41
-0.42
-0.44
-0.44
-0.445
-0.435
-0.44
-0.445
-0.455
-0.47
-0.45
-0.445
-0.435
-0.445
-0.455
-0.465
-0.45
-0.45
-0.455
-0.445
-0.46
-0.465
-0.455
-0.445
-0.445
-0.445
-0.465
-0.46
-0.44
-0.44
-0.445
-0.45
-0.455
-0.455
-0.445
-0.435
-0.425
-0.415
-0.435
-0.44
-0.42
-0.415
-0.405
-0.395
-0.39
-0.375
-0.37
-0.36
-0.33
-0.34
-0.33
-0.32
-0.305
-0.285
-0.265
-0.26
-0.26
-0.25
-0.225
-0.19
-0.175
-0.16
-0.14
-0.145
-0.115
-0.1
-0.08
-0.08
-0.07
-0.06
-0.04
-0.015
-0.005
0.0
0.005
0.0
0.035
0.035
0.04
0.04
0.035
0.03
0.03
0.03
0.03
0.03
-0.01
-0.015
-0.02
-0.025
-0.045
-0.075
-0.1
-0.13
-0.145
-0.155
-0.17
-0.19
-0.215
-0.24
-0.25
-0.265
-0.27
-0.29
-0.3
-0.325
-0.315
-0.315
-0.32
-0.32
-0.325
-0.345
-0.345
-0.34
-0.335
-0.345
-0.355
-0.365
-0.355
-0.34
-0.34
-0.34
-0.355
-0.36
-0.36
-0.35
-0.34
-0.34
-0.34
-0.36
-0.36
-0.35
-0.34
-0.345
-0.35
-0.35
-0.34
-0.325
-0.305
-0.305
-0.31
-0.315
-0.32
-0.32
-0.305
-0.31
-0.315
-0.325
-0.335
-0.315
-0.32
-0.31
-0.325
-0.335
-0.325
-0.32
-0.31
-0.32
-0.315
-0.33
-0.325
-0.315
-0.305
-0.315
-0.325
-0.33
-0.335
-0.335
