1.22
1.18
1.05
0.84
0.665
0.545
0.39
0.205
-0.02
-0.245
-0.355
-0.325
-0.295
-0.285
-0.29
-0.305
-0.29
-0.28
-0.26
-0.245
-0.26
-0.26
-0.27
-0.24
-0.19
-0.19
-0.225
-0.265
-0.285
-0.27
-0.26
-0.25
-0.24
-0.265
-0.265
-0.255
-0.24
-0.22
-0.225
-0.26
-0.28
-0.28
-0.27
-0.275
-0.28
-0.29
-0.25
-0.26
-0.27
-0.28
-0.305
-0.32
-0.31
-0.31
-0.295
-0.305
-0.3
-0.29
-0.295
-0.32
-0.32
-0.33
-0.325
-0.33
-0.305
-0.29
-0.305
-0.32
-0.35
-0.36
-0.335
-0.315
-0.29
-0.31
-0.345
-0.355
-0.355
-0.325
-0.315
-0.315
-0.315
-0.33
-0.32
-0.315
-0.3
-0.3
-0.315
-0.33
-0.32
-0.325
-0.32
-0.3
-0.285
-0.275
-0.275
-0.27
-0.29
-0.305
-0.305
-0.305
-0.285
-0.265
-0.24
-0.235
-0.225
-0.23
-0.23
-0.21
-0.16
-0.135
-0.11
-0.1
-0.1
-0.11
-0.085
-0.06
-0.05
-0.06
-0.055
-0.085
-0.095
-0.075
-0.02
-0.005
-0.01
-0.025
-0.035
-0.07
-0.08
-0.06
-0.025
0.005
-0.005
-0.04
-0.06
-0.055
-0.045
-0.045
-0.045
-0.045
-0.065
-0.08
-0.075
-0.055
-0.055
-0.06
-0.09
-0.105
-0.105
-0.1
-0.07
-0.085
-0.105
-0.1
-0.08
-0.075
-0.085
-0.1
-0.1
-0.105
-0.085
-0.055
-0.025
-0.03
-0.05
-0.075
-0.075
-0.085
-0.09
-0.075
-0.06
-0.06
-0.08
-0.09
-0.07
-0.065
-0.095
-0.12
-0.125
-0.115
-0.11
-0.1
-0.095
-0.12
-0.11
-0.11
-0.125
-0.115
-0.1
-0.1
-0.105
-0.135
-0.145
-0.14
-0.145
-0.145
-0.13
-0.145
-0.125
-0.115
-0.115
-0.12
-0.115
-0.105
-0.095
-0.1
-0.115
-0.13
-0.125
-0.1
-0.105
-0.085
-0.065
-0.055
-0.035
-0.015
-0.02
-0.03
-0.055
-0.095
-0.1
-0.125
-0.13
-0.15
-0.15
-0.15
-0.125
-0.115
-0.085
-0.14
-0.165
-0.195
-0.17
-0.135
-0.115
-0.105
-0.135
-0.16
-0.125
-0.1
-0.1
-0.095
-0.125
-0.155
-0.16
-0.15
-0.145
-0.155
-0.165
-0.185
-0.16
-0.16
-0.125
-0.12
-0.145
-0.16
-0.145
-0.115
-0.1
-0.11
-0.145
-0.195
-0.2
-0.165
-0.15
-0.13
-0.095
-0.04
0.045
0.14
0.23
0.29
0.325
0.415
0.58
0.755
0.925
1.03
1.12
1.15
1.085
0.94
0.745
0.545
0.375
0.22
0.045
-0.14
-0.285
-0.35
-0.37
-0.4
-0.395
-0.39
-0.385
-0.405
-0.41
-0.405
-0.4
-0.41
-0.38
-0.37
-0.37
-0.39
-0.415
-0.43
-0.42
-0.385
-0.355
-0.31
-0.29
-0.28
-0.315
-0.38
-0.39
-0.375
-0.335
-0.315
-0.315
-0.33
-0.315
-0.3
-0.305
-0.31
-0.315
-0.335
-0.355
-0.38
-0.37
-0.37
-0.375
-0.385
-0.405
-0.42
-0.41
-0.42
-0.41
-0.395
-0.395
-0.39
-0.405
-0.395
-0.405
-0.41
-0.42
-0.395
-0.365
-0.375
-0.405
-0.43
-0.435
-0.445
-0.46
-0.44
-0.43
-0.435
-0.455
-0.48
-0.485
-0.44
-0.415
-0.415
-0.405
-0.425
-0.43
-0.425
-0.415
-0.42
-0.4
-0.375
-0.36
-0.355
-0.375
-0.385
-0.375
-0.355
-0.34
-0.34
-0.33
-0.325
-0.32
-0.32
-0.31
-0.285
-0.265
-0.245
-0.225
-0.2
-0.205
-0.19
-0.195
-0.17
-0.165
-0.15
-0.145
-0.16
-0.18
-0.195
-0.17
-0.165
-0.145
-0.13
-0.115
-0.135
-0.145
-0.155
-0.125
-0.085
-0.095
-0.14
-0.155
-0.11
-0.075
-0.085
-0.09
-0.115
-0.15
-0.17
-0.145
-0.12
-0.095
-0.07
-0.075
-0.095
-0.12
-0.13
-0.12
-0.115
-0.14
-0.15
-0.15
-0.14
-0.12
-0.12
-0.145
-0.15
-0.13
-0.105
-0.09
-0.11
-0.13
-0.15
-0.115
-0.11
-0.125
-0.14
-0.145
-0.17
-0.17
-0.15
-0.13
-0.12
-0.115
-0.105
-0.11
-0.1
-0.11
-0.11
-0.11
-0.125
-0.125
-0.12
-0.125
-0.125
-0.15
-0.185
-0.165
-0.15
-0.15
-0.165
-0.155
-0.16
-0.15
-0.155
-0.145
-0.14
-0.16
-0.185
-0.175
-0.17
-0.165
-0.16
-0.155
-0.185
-0.185
-0.155
-0.13
-0.13
-0.15
-0.16
-0.155
-0.155
-0.135
-0.15
-0.165
-0.175
-0.145
-0.11
-0.1
-0.105
-0.11
-0.125
-0.115
-0.125
-0.13
-0.13
-0.15
-0.155
-0.175
-0.19
-0.205
-0.205
-0.205
-0.2
-0.205
-0.21
-0.205
-0.2
-0.205
-0.225
-0.205
-0.185
-0.16
-0.155
-0.175
-0.185
-0.19
-0.15
-0.165
-0.18
-0.18
-0.165
-0.16
-0.15
-0.155
-0.145
-0.17
-0.17
-0.17
-0.155
-0.15
-0.145
-0.14
-0.145
-0.165
-0.16
-0.17
-0.18
-0.175
-0.125
-0.06
0.0
0.045
0.105
0.17
0.255
0.355
0.46
0.575
0.7
0.83
0.96
1.085
1.15
1.11
0.96
0.755
0.535
0.355
0.16
0.02
-0.125
-0.3
-0.41
-0.44
-0.44
-0.445
-0.475
-0.47
-0.46
-0.455
-0.46
-0.465
-0.49
-0.505
-0.515
-0.515
-0.49
-0.43
-0.37
-0.345
-0.355
-0.37
-0.4
-0.425
-0.425
-0.44
-0.445
-0.445
-0.425
-0.405
-0.405
-0.41
-0.415
-0.425
-0.435
-0.44
-0.43
-0.43
-0.45
-0.495
-0.51
-0.505
-0.48
-0.46
-0.455
-0.46
-0.465
-0.495
-0.505
-0.495
-0.51
-0.51
-0.505
-0.51
-0.505
-0.495
-0.525
-0.555
-0.55
-0.52
-0.48
-0.475
-0.485
-0.47
-0.45
-0.46
-0.48
-0.5
-0.5
-0.49
-0.485
-0.49
-0.5
-0.525
-0.535
-0.545
-0.535
-0.52
-0.515
-0.51
-0.525
-0.53
-0.535
-0.52
-0.505
-0.51
-0.515
-0.5
-0.47
-0.455
-0.445
-0.425
-0.43
-0.425
-0.435
-0.46
-0.46
-0.425
-0.4
-0.36
-0.345
-0.335
-0.325
-0.335
-0.36
-0.345
-0.285
-0.25
-0.245
-0.25
-0.26
-0.26
-0.25
-0.265
-0.27
-0.25
-0.245
-0.235
-0.23
-0.24
-0.26
-0.27
-0.26
-0.225
-0.2
-0.21
-0.225
-0.24
-0.24
-0.235
-0.23
-0.225
-0.22
-0.225
-0.245
-0.245
-0.23
-0.2
-0.195
-0.215
-0.245
-0.245
-0.23
-0.2
-0.22
-0.24
-0.255
-0.23
-0.205
-0.21
-0.24
-0.255
-0.29
-0.31
-0.295
-0.26
-0.215
-0.19
-0.19
-0.205
-0.185
-0.195
-0.195
-0.21
-0.2
-0.17
-0.165
-0.16
-0.2
-0.23
-0.25
-0.23
-0.23
-0.235
-0.24
-0.22
-0.205
-0.185
-0.155
-0.155
-0.17
-0.195
-0.22
-0.195
-0.185
-0.19
-0.195
-0.2
-0.215
-0.21
-0.23
-0.235
-0.245
-0.25
-0.27
-0.255
-0.24
-0.225
-0.25
-0.265
-0.3
-0.32
-0.305
-0.29
-0.26
-0.235
-0.215
-0.225
-0.225
-0.22
-0.21
-0.17
-0.16
-0.14
-0.14
-0.135
-0.135
-0.16
-0.165
-0.14
-0.09
-0.075
-0.08
-0.135
-0.19
-0.205
-0.195
-0.17
-0.16
-0.155
-0.17
-0.15
-0.16
-0.16
-0.17
-0.18
-0.205
-0.19
-0.195
-0.2
-0.2
-0.19
-0.205
-0.205
-0.19
-0.175
-0.17
-0.175
-0.225
-0.23
-0.21
-0.19
-0.145
-0.13
-0.135
-0.12
-0.125
-0.095
-0.115
-0.14
-0.165
-0.155
-0.16
-0.155
-0.165
-0.175
-0.185
-0.175
-0.16
-0.13
-0.09
-0.015
0.07
0.16
0.255
0.32
0.365
0.425
0.525
0.665
0.815
0.975
1.105
1.165
1.11
0.99
0.83
0.67
0.505
0.325
0.135
-0.09
-0.27
-0.345
-0.355
-0.37
-0.4
-0.415
-0.425
-0.43
-0.44
-0.425
-0.38
-0.365
-0.36
-0.39
-0.435
-0.425
-0.41
-0.4
-0.41
-0.405
-0.4
-0.41
-0.425
-0.42
-0.405
-0.38
-0.38
-0.375
-0.395
-0.39
-0.38
-0.37
-0.38
-0.41
-0.45
-0.435
-0.425
-0.425
-0.43
-0.435
-0.43
-0.405
-0.38
-0.365
-0.37
-0.4
-0.425
-0.43
-0.435
-0.44
-0.465
-0.475
-0.465
-0.435
-0.405
-0.405
-0.39
-0.385
-0.395
-0.41
-0.41
-0.405
-0.405
-0.405
-0.415
-0.41
-0.415
-0.425
-0.455
-0.47
-0.48
-0.46
-0.43
-0.425
-0.46
-0.49
-0.485
-0.495
-0.505
-0.515
-0.525
-0.52
-0.5
-0.445
-0.395
-0.38
-0.36
-0.375
-0.37
-0.375
-0.355
-0.355
-0.35
-0.36
-0.385
-0.39
-0.39
-0.37
-0.355
-0.335
-0.315
-0.295
-0.29
-0.29
-0.265
-0.27
-0.29
-0.305
-0.31
-0.34
-0.375
-0.455
-0.505
-0.445
-0.315
-0.175
-0.1
-0.08
-0.09
-0.12
-0.15
-0.155
-0.125
-0.105
-0.13
-0.15
-0.14
-0.095
-0.105
-0.145
-0.185
-0.16
-0.15
-0.15
-0.155
-0.185
-0.19
-0.205
-0.18
-0.145
-0.115
-0.13
-0.16
-0.175
-0.17
-0.16
-0.165
-0.175
-0.19
-0.195
-0.195
-0.22
-0.215
-0.225
-0.225
-0.23
-0.21
-0.195
-0.205
-0.25
-0.27
-0.25
-0.24
-0.235
-0.225
-0.25
-0.29
-0.305
-0.285
-0.27
-0.27
-0.275
-0.295
-0.28
-0.245
-0.22
-0.205
-0.185
-0.175
-0.17
-0.205
-0.23
-0.24
-0.205
-0.205
-0.205
-0.23
-0.255
-0.27
-0.255
-0.275
-0.28
-0.28
-0.285
-0.265
-0.24
-0.255
-0.27
-0.265
-0.24
-0.23
-0.21
-0.205
-0.205
-0.21
-0.195
-0.2
-0.23
-0.245
-0.225
-0.21
-0.21
-0.215
-0.205
-0.195
-0.165
-0.13
-0.12
-0.125
-0.14
-0.145
-0.15
-0.165
-0.155
-0.16
-0.19
-0.225
-0.225
-0.205
-0.165
-0.165
-0.185
-0.215
-0.215
-0.17
-0.16
-0.19
-0.235
-0.235
-0.22
-0.21
-0.21
-0.23
-0.26
-0.27
-0.245
-0.24
-0.25
-0.265
-0.265
-0.26
-0.23
-0.195
-0.185
-0.19
-0.175
-0.185
-0.165
-0.155
-0.145
-0.15
-0.185
-0.22
-0.205
-0.19
-0.175
-0.135
-0.08
0.005
0.095
0.17
0.22
0.28
0.37
0.5
0.685
0.86
1.0
1.095
1.135
1.085
0.925
0.725
0.505
0.315
0.13
-0.055
-0.2
-0.295
-0.38
-0.43
-0.475
-0.46
-0.425
-0.38
-0.365
-0.36
-0.395
-0.405
-0.37
-0.355
-0.345
-0.34
-0.365
-0.38
-0.38
-0.38
-0.38
-0.375
-0.37
-0.375
-0.345
-0.35
-0.375
-0.38
-0.39
-0.37
-0.355
-0.34
-0.32
-0.345
-0.38
-0.41
-0.415
-0.43
-0.44
-0.445
-0.435
-0.44
-0.415
-0.36
-0.325
-0.325
-0.35
-0.38
-0.355
-0.355
-0.375
-0.38
-0.395
-0.415
-0.42
-0.42
-0.4
-0.405
-0.42
-0.405
-0.385
-0.4
-0.41
-0.405
-0.405
-0.415
-0.42
-0.395
-0.375
-0.365
-0.38
-0.42
-0.41
-0.395
-0.37
-0.385
-0.4
-0.41
-0.39
-0.38
-0.385
-0.395
-0.385
-0.365
-0.345
-0.32
-0.34
-0.355
-0.35
-0.33
-0.33
-0.33
-0.33
-0.3
-0.295
-0.305
-0.29
-0.26
-0.285
-0.29
-0.27
-0.235
-0.205
-0.19
-0.2
-0.21
-0.2
-0.195
-0.17
-0.16
-0.145
-0.145
-0.16
-0.145
-0.14
-0.135
-0.11
-0.085
-0.09
-0.105
-0.105
-0.11
-0.1
-0.09
-0.085
-0.085
-0.08
-0.055
-0.055
-0.055
-0.08
-0.085
-0.085
-0.08
-0.06
-0.065
-0.075
-0.09
-0.1
-0.08
-0.07
-0.075
-0.095
-0.1
-0.085
-0.09
-0.105
-0.105
-0.13
-0.12
-0.13
-0.1
-0.1
-0.09
-0.1
-0.115
-0.11
-0.105
-0.11
-0.125
-0.125
-0.13
-0.105
-0.095
-0.105
-0.125
-0.115
-0.12
-0.145
-0.15
-0.145
-0.13
-0.12
-0.125
-0.115
-0.095
-0.095
-0.105
-0.135
-0.145
-0.145
-0.15
-0.12
-0.11
-0.11
-0.125
-0.115
-0.1
-0.1
-0.11
-0.105
-0.12
-0.11
-0.095
-0.105
-0.13
-0.14
-0.135
-0.125
-0.115
-0.125
-0.135
-0.135
-0.13
-0.105
-0.09
-0.085
-0.085
-0.1
-0.11
-0.1
-0.105
-0.11
-0.11
-0.105
-0.095
-0.075
-0.045
-0.05
-0.06
-0.09
-0.105
-0.1
-0.09
-0.07
-0.055
-0.05
-0.04
-0.025
-0.015
-0.035
-0.065
-0.115
-0.125
-0.105
-0.085
-0.07
-0.075
-0.095
-0.115
-0.12
-0.12
-0.125
-0.115
-0.12
-0.135
-0.13
-0.12
-0.12
-0.125
-0.13
-0.13
-0.12
-0.105
-0.095
-0.095
-0.12
-0.115
-0.105
-0.095
-0.09
-0.1
-0.105
-0.11
-0.115
-0.125
-0.115
-0.11
-0.11
-0.12
-0.105
-0.09
-0.095
-0.08
-0.045
0.01
0.075
0.155
0.235
0.32
0.39
0.45
0.55
0.69
0.835
0.96
1.095
1.205
1.255
1.245
1.125
0.94
0.74
0.56
0.405
0.235
0.03
-0.205
-0.345
-0.385
-0.395
-0.41
-0.425
-0.435
-0.445
-0.465
-0.435
-0.425
-0.41
-0.405
-0.395
-0.39
-0.385
-0.375
-0.37
-0.385
-0.4
-0.405
-0.395
-0.365
-0.37
-0.36
-0.37
-0.39
-0.385
-0.38
-0.385
-0.4
-0.4
-0.405
-0.39
-0.39
-0.39
-0.4
-0.42
-0.435
-0.415
-0.39
-0.38
-0.375
-0.39
-0.395
-0.38
-0.375
-0.375
-0.375
-0.39
-0.405
-0.435
-0.42
-0.415
-0.41
-0.42
-0.405
-0.405
-0.395
-0.42
-0.435
-0.435
-0.44
-0.42
-0.41
-0.385
-0.39
-0.42
-0.425
-0.42
-0.4
-0.4
-0.405
-0.415
-0.445
-0.435
-0.425
-0.41
-0.385
-0.39
-0.39
-0.395
-0.39
-0.39
-0.375
-0.375
-0.37
-0.375
-0.365
-0.365
-0.355
-0.36
-0.375
-0.365
-0.355
-0.34
-0.325
-0.305
-0.315
-0.31
-0.3
-0.295
-0.275
-0.265
-0.245
-0.235
-0.225
-0.2
-0.185
-0.18
-0.175
-0.17
-0.165
-0.165
-0.165
-0.17
-0.18
-0.135
-0.11
-0.105
-0.105
-0.115
-0.11
-0.08
-0.085
-0.075
-0.1
-0.12
-0.14
-0.115
-0.105
-0.085
-0.075
-0.09
-0.105
-0.115
-0.115
-0.125
-0.115
-0.115
-0.1
-0.08
-0.08
-0.08
-0.1
-0.1
-0.1
-0.12
-0.115
-0.105
-0.09
-0.09
-0.105
-0.1
-0.095
-0.1
-0.09
-0.105
-0.12
-0.12
-0.11
-0.1
-0.1
-0.1
-0.13
-0.14
-0.13
-0.125
-0.105
-0.1
-0.115
-0.11
-0.105
-0.11
-0.12
-0.14
-0.135
-0.095
-0.075
-0.08
-0.08
-0.095
-0.095
-0.095
-0.065
-0.055
-0.085
-0.105
-0.125
-0.12
-0.095
-0.075
-0.07
-0.07
-0.11
-0.125
-0.11
-0.09
-0.115
-0.145
-0.145
-0.1
-0.09
-0.075
-0.09
-0.08
-0.075
-0.065
-0.07
-0.075
-0.075
-0.075
-0.09
-0.115
-0.11
-0.075
-0.025
0.005
0.0
0.0
0.0
0.02
0.04
0.04
-0.025
-0.055
-0.03
0.01
0.02
0.02
-0.015
-0.095
-0.105
-0.07
-0.025
-0.025
-0.06
-0.09
-0.07
-0.05
-0.06
-0.07
-0.08
-0.065
-0.065
-0.07
-0.08
-0.085
-0.045
-0.02
-0.035
-0.045
-0.085
-0.115
-0.095
-0.065
-0.045
-0.055
-0.06
-0.065
-0.07
-0.055
-0.065
-0.085
-0.105
-0.06
0.02
0.12
0.205
0.3
0.39
0.43
0.52
0.675
0.845
1.005
1.135
1.23
1.225
1.125
0.925
0.695
0.495
0.315
0.1
-0.085
-0.19
-0.255
-0.305
-0.325
-0.32
-0.315
-0.305
-0.315
-0.335
-0.345
-0.32
-0.3
-0.285
-0.3
-0.305
-0.32
-0.34
-0.315
-0.305
-0.305
-0.31
-0.32
-0.32
-0.295
-0.285
-0.295
-0.335
-0.36
-0.365
-0.37
-0.385
-0.375
-0.36
-0.34
-0.34
-0.33
-0.315
-0.32
-0.36
-0.395
-0.395
-0.36
-0.315
-0.295
-0.295
-0.325
-0.35
-0.365
-0.345
-0.36
-0.385
-0.39
-0.395
-0.38
-0.365
-0.375
-0.37
-0.375
-0.38
-0.4
-0.44
-0.435
-0.425
-0.425
-0.43
-0.445
-0.45
