2.265
2.365
2.33
2.14
1.72
1.08
0.44
-0.2
-0.84
-1.48
-1.745
-1.56
-1.29
-1.075
-0.965
-0.955
-1.035
-1.11
-1.195
-1.25
-1.27
-1.26
-1.25
-1.235
-1.24
-1.24
-1.255
-1.26
-1.275
-1.28
-1.27
-1.25
-1.23
-1.225
-1.21
-1.215
-1.21
-1.22
-1.2
-1.21
-1.195
-1.175
-1.17
-1.15
-1.14
-1.125
-1.125
-1.13
-1.125
-1.14
-1.115
-1.11
-1.1
-1.085
-1.07
-1.045
-1.005
-0.98
-0.96
-0.975
-0.96
-0.945
-0.93
-0.925
-0.91
-0.875
-0.845
-0.82
-0.79
-0.745
-0.705
-0.695
-0.675
-0.655
-0.65
-0.62
-0.6
-0.57
-0.53
-0.515
-0.49
-0.465
-0.455
-0.445
-0.44
-0.46
-0.495
-0.495
-0.485
-0.495
-0.51
-0.505
-0.515
-0.54
-0.565
-0.61
-0.655
-0.71
-0.76
-0.815
-0.865
-0.905
-0.945
-0.965
-0.985
-1.005
-1.035
-1.07
-1.085
-1.125
-1.135
-1.16
-1.18
-1.185
-1.185
-1.18
-1.17
-1.155
-1.175
-1.165
-1.185
-1.19
-1.205
-1.21
-1.205
-1.205
-1.205
-1.205
-1.185
-1.175
-1.18
-1.17
-1.19
-1.175
-1.18
-1.185
-1.185
-1.18
-1.17
-1.15
-1.14
-1.13
-1.14
-1.125
-1.14
-1.16
-1.155
-1.155
-1.175
-1.145
-1.135
-1.125
-1.11
-1.115
-1.09
-1.105
-1.105
-1.12
-1.135
-1.16
-1.16
-1.175
-1.165
-1.16
-1.135
-1.13
-1.13
-1.13
-1.16
-1.175
-1.17
-1.175
-1.175
-1.18
-1.185
-1.205
-1.195
-1.175
-1.16
-1.165
-1.195
-1.2
-1.185
-1.19
-1.19
-1.2
-1.175
-1.17
-1.17
-1.16
-1.17
-1.195
-1.205
-1.215
-1.22
-1.235
-1.22
-1.215
-1.21
-1.185
-1.175
-1.16
-1.16
-1.165
-1.185
-1.185
-1.17
-1.19
-1.185
-1.18
-1.16
-1.13
-1.1
-1.085
-1.075
-1.07
-1.08
-1.07
-1.085
-1.08
-1.09
-1.085
-1.065
-1.035
-1.005
-0.99
-0.98
-0.98
-0.98
-1.005
-1.02
-1.045
-1.055
-1.075
-1.06
-1.07
-1.055
-1.05
-1.075
-1.08
-1.13
-1.17
-1.21
-1.235
-1.26
-1.275
-1.265
-1.27
-1.245
-1.215
-1.215
-1.2
-1.205
-1.22
-1.23
-1.23
-1.24
-1.24
-1.24
-1.24
-1.225
-1.215
-1.18
-1.13
-1.01
-0.84
-0.6
-0.24
0.17
0.63
1.115
1.595
2.005
2.325
2.475
2.475
2.315
1.89
1.25
0.61
-0.03
-0.67
-1.31
-1.605
-1.34
-1.045
-0.875
-0.8
-0.855
-0.97
-1.09
-1.185
-1.22
-1.24
-1.23
-1.205
-1.185
-1.16
-1.155
-1.145
-1.14
-1.15
-1.165
-1.16
-1.17
-1.175
-1.155
-1.17
-1.135
-1.115
-1.105
-1.105
-1.11
-1.11
-1.11
-1.105
-1.095
-1.09
-1.075
-1.065
-1.055
-1.025
-1.01
-0.995
-0.97
-0.96
-0.965
-0.955
-0.945
-0.925
-0.885
-0.85
-0.805
-0.785
-0.77
-0.76
-0.72
-0.69
-0.65
-0.63
-0.6
-0.57
-0.54
-0.495
-0.46
-0.435
-0.42
-0.41
-0.405
-0.41
-0.41
-0.41
-0.41
-0.415
-0.445
-0.43
-0.43
-0.455
-0.485
-0.525
-0.56
-0.615
-0.67
-0.705
-0.755
-0.8
-0.84
-0.855
-0.895
-0.935
-0.98
-1.025
-1.045
-1.075
-1.1
-1.125
-1.15
-1.16
-1.165
-1.165
-1.17
-1.16
-1.155
-1.155
-1.17
-1.195
-1.205
-1.205
-1.215
-1.21
-1.205
-1.2
-1.205
-1.18
-1.19
-1.195
-1.185
-1.19
-1.205
-1.2
-1.215
-1.195
-1.19
-1.17
-1.165
-1.135
-1.14
-1.135
-1.145
-1.155
-1.14
-1.145
-1.155
-1.15
-1.16
-1.15
-1.15
-1.135
-1.125
-1.135
-1.14
-1.165
-1.17
-1.185
-1.2
-1.21
-1.19
-1.2
-1.2
-1.19
-1.2
-1.175
-1.18
-1.2
-1.21
-1.215
-1.225
-1.245
-1.23
-1.205
-1.19
-1.165
-1.16
-1.175
-1.185
-1.195
-1.21
-1.22
-1.225
-1.25
-1.235
-1.23
-1.215
-1.2
-1.205
-1.22
-1.205
-1.215
-1.215
-1.22
-1.225
-1.225
-1.22
-1.205
-1.19
-1.195
-1.195
-1.195
-1.195
-1.19
-1.165
-1.14
-1.145
-1.145
-1.135
-1.13
-1.12
-1.105
-1.095
-1.09
-1.085
-1.1
-1.1
-1.105
-1.095
-1.065
-1.055
-1.025
-1.02
-1.015
-1.035
-1.045
-1.065
-1.09
-1.095
-1.11
-1.105
-1.125
-1.12
-1.11
-1.115
-1.14
-1.15
-1.18
-1.21
-1.255
-1.28
-1.295
-1.295
-1.285
-1.275
-1.245
-1.235
-1.24
-1.235
-1.245
-1.265
-1.265
-1.255
-1.265
-1.265
-1.255
-1.26
-1.245
-1.21
-1.165
-1.095
-0.975
-0.82
-0.65
-0.4
-0.095
0.24
0.64
1.065
1.495
1.885
2.19
2.33
2.295
2.025
1.455
0.815
0.175
-0.465
-1.105
-1.745
-1.62
-1.365
-1.105
-0.98
-0.935
-0.965
-1.055
-1.14
-1.21
-1.24
-1.25
-1.23
-1.23
-1.23
-1.22
-1.22
-1.225
-1.235
-1.235
-1.225
-1.215
-1.22
-1.215
-1.215
-1.2
-1.195
-1.175
-1.16
-1.155
-1.15
-1.165
-1.17
-1.16
-1.15
-1.155
-1.14
-1.135
-1.105
-1.085
-1.08
-1.06
-1.045
-1.045
-1.045
-1.035
-1.05
-1.04
-1.01
-0.98
-0.96
-0.91
-0.88
-0.87
-0.87
-0.86
-0.845
-0.83
-0.795
-0.765
-0.745
-0.72
-0.675
-0.64
-0.595
-0.56
-0.53
-0.525
-0.525
-0.52
-0.505
-0.49
-0.485
-0.47
-0.47
-0.47
-0.475
-0.5
-0.51
-0.535
-0.575
-0.605
-0.665
-0.7
-0.75
-0.8
-0.835
-0.865
-0.895
-0.95
-0.98
-1.015
-1.03
-1.05
-1.08
-1.105
-1.1
-1.105
-1.11
-1.1
-1.105
-1.105
-1.13
-1.14
-1.15
-1.165
-1.185
-1.17
-1.17
-1.145
-1.135
-1.12
-1.12
-1.1
-1.1
-1.11
-1.11
-1.1
-1.12
-1.125
-1.13
-1.11
-1.095
-1.09
-1.075
-1.075
-1.075
-1.07
-1.085
-1.095
-1.11
-1.085
-1.065
-1.045
-1.03
-1.03
-1.04
-1.045
-1.045
-1.06
-1.075
-1.07
-1.07
-1.055
-1.045
-1.045
-1.04
-1.025
-1.015
-1.03
-1.045
-1.07
-1.075
-1.085
-1.09
-1.085
-1.06
-1.06
-1.05
-1.045
-1.04
-1.045
-1.055
-1.06
-1.06
-1.06
-1.06
-1.085
-1.085
-1.08
-1.075
-1.08
-1.07
-1.085
-1.08
-1.065
-1.085
-1.08
-1.08
-1.085
-1.08
-1.07
-1.05
-1.04
-1.035
-1.045
-1.055
-1.065
-1.065
-1.07
-1.08
-1.08
-1.06
-1.03
-1.015
-0.995
-0.965
-0.945
-0.925
-0.935
-0.93
-0.94
-0.945
-0.945
-0.955
-0.955
-0.94
-0.885
-0.875
-0.86
-0.865
-0.855
-0.845
-0.88
-0.905
-0.915
-0.915
-0.92
-0.92
-0.94
-0.93
-0.95
-0.975
-0.995
-1.015
-1.04
-1.055
-1.06
-1.085
-1.09
-1.1
-1.075
-1.07
-1.065
-1.065
-1.06
-1.09
-1.115
-1.12
-1.11
-1.105
-1.1
-1.085
-1.06
-1.02
-0.98
-0.905
-0.79
-0.605
-0.37
-0.07
0.27
0.655
1.05
1.48
1.87
2.195
2.39
2.43
2.28
1.865
1.225
0.585
-0.055
-0.695
-1.335
-1.475
-1.2
-0.92
-0.735
-0.675
-0.72
-0.82
-0.93
-1.02
-1.065
-1.07
-1.055
-1.03
-1.015
-1.01
-1.01
-1.025
-1.04
-1.06
-1.05
-1.045
-1.06
-1.055
-1.02
-0.995
-0.995
-0.99
-0.985
-0.98
-0.96
-0.97
-0.955
-0.96
-0.95
-0.95
-0.935
-0.925
-0.9
-0.905
-0.885
-0.88
-0.87
-0.88
-0.88
-0.875
-0.865
-0.84
-0.8
-0.775
-0.74
-0.72
-0.705
-0.69
-0.69
-0.675
-0.655
-0.635
-0.615
-0.58
-0.54
-0.505
-0.47
-0.43
-0.41
-0.39
-0.37
-0.36
-0.355
-0.35
-0.34
-0.32
-0.31
-0.295
-0.28
-0.275
-0.255
-0.255
-0.26
-0.275
-0.295
-0.315
-0.335
-0.375
-0.41
-0.45
-0.49
-0.54
-0.605
-0.65
-0.695
-0.75
-0.8
-0.84
-0.865
-0.895
-0.905
-0.915
-0.915
-0.925
-0.945
-0.97
-0.985
-0.99
-1.01
-1.025
-1.025
-1.025
-1.035
-1.035
-1.01
-1.0
-1.005
-1.005
-1.015
-1.02
-1.03
-1.035
-1.06
-1.03
-1.02
-1.015
-1.0
-1.005
-0.995
-1.005
-1.01
-1.005
-1.0
-1.01
-1.01
-1.02
-1.01
-1.005
-1.005
-0.98
-0.985
-0.99
-0.995
-1.02
-1.01
-1.015
-1.015
-1.03
-1.015
-1.005
-0.99
-0.98
-0.985
-0.985
-0.985
-0.995
-1.02
-1.025
-1.04
-1.05
-1.05
-1.035
-1.035
-1.03
-1.03
-1.04
-1.055
-1.055
-1.065
-1.07
-1.075
-1.065
-1.06
-1.07
-1.065
-1.07
-1.08
-1.09
-1.095
-1.095
-1.105
-1.105
-1.105
-1.105
-1.095
-1.095
-1.085
-1.095
-1.11
-1.115
-1.12
-1.135
-1.145
-1.155
-1.165
-1.14
-1.135
-1.125
-1.09
-1.075
-1.05
-1.04
-1.04
-1.03
-1.035
-1.05
-1.05
-1.045
-1.05
-1.045
-1.025
-1.005
-1.0
-1.0
-0.995
-0.99
-0.99
-0.985
-0.98
-1.0
-0.995
-0.995
-1.005
-1.01
-1.01
-1.015
-1.04
-1.06
-1.07
-1.085
-1.1
-1.125
-1.155
-1.15
-1.19
-1.195
-1.205
-1.225
-1.24
-1.245
-1.255
-1.255
-1.26
-1.245
-1.245
-1.23
-1.23
-1.22
-1.22
-1.23
-1.235
-1.25
-1.255
-1.24
-1.2
-1.135
-1.025
-0.835
-0.585
-0.24
0.14
0.57
1.02
1.455
1.84
2.135
2.31
2.31
2.1
1.59
0.95
0.31
-0.33
-0.97
-1.61
-1.75
-1.52
-1.245
-1.035
-0.95
-0.965
-1.025
-1.115
-1.18
-1.25
-1.265
-1.275
-1.275
-1.28
-1.275
-1.27
-1.28
-1.27
-1.26
-1.265
-1.245
-1.26
-1.245
-1.27
-1.255
-1.27
-1.275
-1.255
-1.25
-1.255
-1.24
-1.205
-1.195
-1.185
-1.18
-1.185
-1.19
-1.19
-1.18
-1.16
-1.135
-1.105
-1.08
-1.07
-1.08
-1.085
-1.095
-1.095
-1.075
-1.08
-1.06
-1.05
-1.035
-1.015
-0.995
-0.96
-0.94
-0.91
-0.88
-0.855
-0.835
-0.825
-0.82
-0.795
-0.77
-0.73
-0.69
-0.66
-0.64
-0.625
-0.61
-0.61
-0.615
-0.61
-0.605
-0.59
-0.585
-0.575
-0.575
-0.575
-0.585
-0.585
-0.62
-0.64
-0.67
-0.715
-0.755
-0.81
-0.835
-0.865
-0.905
-0.915
-0.95
-0.99
-1.03
-1.09
-1.145
-1.21
-1.265
-1.27
-1.3
-1.295
-1.29
-1.29
-1.285
-1.29
-1.29
-1.305
-1.32
-1.345
-1.355
-1.375
-1.39
-1.375
-1.35
-1.345
-1.335
-1.325
-1.325
-1.335
-1.335
-1.335
-1.355
-1.365
-1.345
-1.335
-1.33
-1.325
-1.325
-1.325
-1.35
-1.365
-1.36
-1.355
-1.34
-1.335
-1.345
-1.35
-1.35
-1.335
-1.33
-1.33
-1.33
-1.345
-1.36
-1.385
-1.4
-1.415
-1.415
-1.405
-1.39
-1.365
-1.36
-1.365
-1.335
-1.355
-1.355
-1.385
-1.4
-1.405
-1.405
-1.4
-1.405
-1.41
-1.4
-1.395
-1.39
-1.39
-1.4
-1.425
-1.435
-1.45
-1.44
-1.415
-1.395
-1.365
-1.345
-1.345
-1.385
-1.435
-1.455
-1.495
-1.48
-1.475
-1.465
-1.45
-1.44
-1.415
-1.4
-1.4
-1.425
-1.42
-1.415
-1.42
-1.42
-1.42
-1.445
-1.405
-1.385
-1.35
-1.33
-1.315
-1.33
-1.31
-1.325
-1.34
-1.34
-1.33
-1.305
-1.29
-1.275
-1.265
-1.235
-1.23
-1.245
-1.225
-1.25
-1.255
-1.255
-1.245
-1.255
-1.24
-1.24
-1.24
-1.235
-1.255
-1.26
-1.28
-1.31
-1.33
-1.36
-1.38
-1.39
-1.39
-1.4
-1.415
-1.405
-1.4
-1.395
-1.41
-1.405
-1.415
-1.41
-1.405
-1.4
-1.39
-1.38
-1.37
-1.37
-1.365
-1.37
-1.385
-1.355
-1.295
-1.215
-1.065
-0.84
-0.54
-0.17
0.245
0.715
1.185
1.63
1.985
2.2
2.285
2.185
1.815
1.18
0.54
-0.1
-0.74
-1.38
-1.85
-1.635
-1.36
-1.155
-1.065
-1.07
-1.15
-1.245
-1.315
-1.365
-1.355
-1.31
-1.29
-1.285
-1.265
-1.295
-1.31
-1.315
-1.335
-1.35
-1.335
-1.31
-1.295
-1.255
-1.245
-1.245
-1.255
-1.26
-1.25
-1.24
-1.245
-1.24
-1.215
-1.21
-1.215
-1.185
-1.17
-1.17
-1.16
-1.16
-1.16
-1.14
-1.13
-1.105
-1.085
-1.06
-1.03
-0.995
-0.975
-0.965
-0.95
-0.94
-0.93
-0.935
-0.925
-0.89
-0.85
-0.815
-0.775
-0.735
-0.715
-0.685
-0.665
-0.65
-0.61
-0.6
-0.57
-0.595
-0.59
-0.59
-0.585
-0.57
-0.56
-0.55
-0.565
-0.595
-0.61
-0.635
-0.675
-0.72
-0.745
-0.785
-0.815
-0.845
-0.915
-0.95
-0.985
-1.03
-1.08
-1.105
-1.15
-1.17
-1.18
-1.19
-1.21
-1.2
-1.19
-1.195
-1.205
-1.225
-1.24
-1.26
-1.29
-1.285
-1.295
-1.29
-1.275
-1.265
-1.26
-1.265
-1.265
-1.28
-1.265
-1.265
-1.27
-1.245
-1.26
-1.255
-1.255
-1.24
-1.235
-1.23
-1.24
-1.255
-1.25
-1.235
-1.245
-1.23
-1.235
-1.24
-1.225
-1.215
-1.23
-1.22
-1.23
-1.215
-1.23
-1.26
-1.255
-1.245
-1.235
-1.23
-1.22
-1.21
-1.21
-1.23
-1.235
-1.24
-1.235
-1.255
-1.255
-1.26
-1.27
-1.28
-1.275
-1.265
-1.26
-1.245
-1.25
-1.265
-1.275
-1.29
-1.305
-1.305
-1.3
-1.285
-1.265
-1.265
-1.27
-1.275
-1.28
-1.285
-1.28
-1.305
-1.3
-1.29
-1.295
-1.28
-1.275
-1.27
-1.27
-1.27
-1.28
-1.285
-1.285
-1.29
-1.285
-1.29
-1.265
-1.225
-1.21
-1.185
-1.175
-1.17
-1.17
-1.17
-1.185
-1.21
-1.19
-1.19
-1.18
-1.145
-1.125
-1.085
-1.08
-1.075
-1.08
-1.09
-1.11
-1.12
-1.135
-1.135
-1.135
-1.145
-1.14
-1.16
-1.155
-1.175
-1.195
-1.24
-1.265
-1.3
-1.345
-1.35
-1.355
-1.345
-1.325
-1.315
-1.3
-1.295
-1.295
-1.31
-1.3
-1.3
-1.325
-1.315
-1.31
-1.325
-1.315
-1.3
-1.3
-1.26
-1.22
-1.095
-0.94
-0.72
-0.425
-0.065
0.335
0.765
1.215
1.65
1.99
2.245
2.36
2.315
2.08
1.575
0.935
0.295
-0.345
-0.985
-1.625
-1.605
-1.355
-1.095
-0.945
-0.91
-0.98
-1.085
-1.21
-1.285
-1.3
-1.295
-1.28
-1.25
-1.25
-1.25
-1.25
-1.28
-1.285
-1.295
-1.285
-1.285
-1.28
-1.265
-1.26
-1.24
-1.235
-1.225
-1.255
-1.23
-1.24
-1.24
-1.225
-1.23
-1.205
-1.19
-1.17
-1.14
-1.155
-1.155
-1.155
-1.16
-1.145
-1.145
-1.135
-1.12
-1.11
-1.095
-1.07
-1.05
-1.025
-0.99
-0.995
-0.985
-0.965
-0.95
-0.94
-0.93
-0.9
-0.855
-0.81
-0.755
-0.76
-0.71
-0.685
-0.675
-0.665
-0.64
-0.63
-0.62
-0.605
-0.595
-0.575
-0.565
-0.57
-0.55
-0.575
-0.565
-0.59
-0.605
-0.635
-0.665
-0.705
-0.74
-0.78
-0.805
-0.865
-0.92
-0.98
-1.03
-1.07
-1.11
-1.155
-1.175
-1.185
-1.2
-1.22
-1.235
-1.23
-1.25
-1.28
-1.305
-1.33
-1.35
-1.355
-1.37
-1.365
-1.36
-1.36
-1.34
-1.34
-1.345
-1.365
-1.36
-1.355
-1.355
-1.35
-1.355
-1.35
-1.335
-1.31
-1.305
-1.32
-1.32
-1.335
-1.345
-1.345
-1.32
-1.33
-1.335
-1.33
-1.31
-1.315
-1.3
-1.29
-1.31
-1.315
-1.305
-1.315
-1.325
-1.345
-1.34
-1.345
-1.325
-1.33
-1.31
-1.315
-1.33
-1.32
-1.32
-1.34
-1.36
-1.375
-1.385
-1.38
-1.365
-1.35
-1.33
-1.34
-1.355
-1.365
-1.36
-1.37
-1.375
-1.37
-1.37
-1.375
-1.37
-1.355
-1.37
-1.37
-1.37
-1.37
-1.38
-1.4
-1.395
-1.385
-1.395
-1.37
-1.365
-1.37
-1.36
-1.36
