1.46
1.135
0.755
0.445
0.265
0.21
0.165
0.07
-0.02
-0.065
-0.115
-0.155
-0.195
-0.225
-0.245
-0.275
-0.29
-0.31
-0.33
-0.325
-0.315
-0.325
-0.325
-0.34
-0.33
-0.335
-0.34
-0.33
-0.325
-0.34
-0.345
-0.325
-0.33
-0.335
-0.335
-0.345
-0.35
-0.345
-0.325
-0.315
-0.325
-0.345
-0.35
-0.345
-0.335
-0.335
-0.335
-0.34
-0.34
-0.335
-0.32
-0.325
-0.345
-0.35
-0.35
-0.34
-0.33
-0.345
-0.335
-0.34
-0.34
-0.34
-0.325
-0.335
-0.34
-0.335
-0.335
-0.33
-0.32
-0.3
-0.315
-0.32
-0.325
-0.31
-0.3
-0.3
-0.295
-0.29
-0.3
-0.29
-0.26
-0.255
-0.255
-0.245
-0.24
-0.22
-0.2
-0.185
-0.19
-0.185
-0.17
-0.165
-0.135
-0.125
-0.125
-0.13
-0.12
-0.095
-0.07
-0.06
-0.04
-0.035
-0.035
-0.025
-0.015
0.0
0.0
0.0
-0.025
0.0
0.01
0.02
0.01
-0.005
-0.015
-0.02
-0.02
-0.045
-0.07
-0.065
-0.1
-0.1
-0.1
-0.115
-0.15
-0.16
-0.175
-0.19
-0.19
-0.205
-0.225
-0.23
-0.25
-0.24
-0.24
-0.245
-0.255
-0.265
-0.28
-0.27
-0.255
-0.25
-0.27
-0.275
-0.285
-0.275
-0.275
-0.28
-0.275
-0.285
-0.305
-0.295
-0.285
-0.28
-0.29
-0.3
-0.3
-0.29
-0.29
-0.28
-0.275
-0.285
-0.29
-0.29
-0.265
-0.275
-0.285
-0.29
-0.29
-0.275
-0.27
-0.275
-0.275
-0.285
-0.295
-0.275
-0.265
-0.265
-0.275
-0.275
-0.27
-0.275
-0.265
-0.255
-0.275
-0.275
-0.265
-0.25
-0.245
-0.25
-0.25
-0.245
-0.23
-0.22
-0.215
-0.225
-0.23
-0.23
-0.225
-0.22
-0.205
-0.195
-0.215
-0.235
-0.245
-0.235
-0.235
-0.245
-0.265
-0.27
-0.285
-0.28
-0.275
-0.28
-0.285
-0.29
-0.3
-0.3
-0.28
-0.285
-0.29
-0.3
-0.31
-0.31
-0.33
-0.38
-0.445
-0.515
-0.53
-0.47
-0.34
-0.125
0.19
0.555
0.95
1.33
1.53
1.505
1.25
0.855
0.455
0.235
0.19
0.175
0.11
0.025
-0.035
-0.065
-0.095
-0.15
-0.205
-0.25
-0.29
-0.305
-0.29
-0.305
-0.305
-0.32
-0.325
-0.325
-0.315
-0.32
-0.32
-0.325
-0.34
-0.33
-0.315
-0.315
-0.33
-0.34
-0.35
-0.34
-0.33
-0.325
-0.34
-0.335
-0.34
-0.33
-0.34
-0.33
-0.335
-0.335
-0.35
-0.325
-0.325
-0.325
-0.325
-0.345
-0.355
-0.33
-0.33
-0.325
-0.335
-0.33
-0.33
-0.33
-0.325
-0.32
-0.325
-0.335
-0.33
-0.32
-0.31
-0.315
-0.315
-0.315
-0.31
-0.31
-0.295
-0.28
-0.285
-0.29
-0.29
-0.27
-0.265
-0.255
-0.25
-0.245
-0.24
-0.23
-0.22
-0.21
-0.2
-0.19
-0.195
-0.18
-0.15
-0.135
-0.13
-0.13
-0.13
-0.105
-0.09
-0.08
-0.07
-0.065
-0.065
-0.06
-0.035
-0.025
-0.02
-0.02
-0.015
-0.01
0.0
0.0
-0.005
-0.02
-0.025
-0.02
-0.025
-0.02
-0.055
-0.085
-0.095
-0.105
-0.105
-0.125
-0.14
-0.165
-0.185
-0.19
-0.195
-0.2
-0.22
-0.24
-0.245
-0.255
-0.245
-0.245
-0.25
-0.265
-0.27
-0.265
-0.26
-0.275
-0.275
-0.285
-0.295
-0.28
-0.28
-0.285
-0.28
-0.295
-0.29
-0.295
-0.285
-0.285
-0.305
-0.31
-0.295
-0.285
-0.29
-0.3
-0.3
-0.31
-0.3
-0.305
-0.29
-0.285
-0.29
-0.295
-0.31
-0.305
-0.295
-0.29
-0.29
-0.29
-0.3
-0.285
-0.285
-0.285
-0.3
-0.295
-0.305
-0.295
-0.28
-0.28
-0.275
-0.29
-0.295
-0.285
-0.275
-0.285
-0.265
-0.275
-0.285
-0.27
-0.28
-0.275
-0.27
-0.285
-0.28
-0.275
-0.265
-0.265
-0.28
-0.275
-0.285
-0.27
-0.27
-0.28
-0.285
-0.29
-0.295
-0.285
-0.285
-0.275
-0.285
-0.295
-0.295
-0.295
-0.29
-0.29
-0.285
-0.295
-0.3
-0.295
-0.29
-0.28
-0.295
-0.295
-0.31
-0.285
-0.28
-0.285
-0.295
-0.305
-0.3
-0.295
-0.285
-0.285
-0.28
-0.285
-0.3
-0.28
-0.285
-0.28
-0.285
-0.3
-0.3
-0.3
-0.29
-0.285
-0.3
-0.295
-0.3
-0.285
-0.28
-0.275
-0.285
-0.3
-0.31
-0.3
-0.29
-0.275
-0.3
-0.3
-0.305
-0.3
-0.29
-0.28
-0.295
-0.295
-0.3
-0.29
-0.285
-0.285
-0.28
-0.285
-0.295
-0.285
-0.28
-0.29
-0.295
-0.305
-0.29
-0.285
-0.29
-0.275
-0.29
-0.29
-0.29
-0.29
-0.285
-0.28
-0.28
-0.295
-0.295
-0.285
-0.285
-0.285
-0.285
-0.275
-0.28
-0.28
-0.28
-0.27
-0.295
-0.295
-0.29
-0.29
-0.28
-0.28
-0.285
-0.285
-0.285
-0.28
-0.275
-0.265
-0.275
-0.27
-0.29
-0.275
-0.265
-0.28
-0.285
-0.29
-0.295
-0.28
-0.28
-0.265
-0.285
-0.29
-0.3
-0.285
-0.275
-0.28
-0.285
-0.29
-0.3
-0.31
-0.275
-0.275
-0.28
-0.285
-0.295
-0.275
-0.28
-0.28
-0.285
-0.285
-0.285
-0.28
-0.275
-0.28
-0.29
-0.31
-0.3
-0.285
-0.29
-0.285
-0.285
-0.295
-0.3
-0.29
-0.285
-0.28
-0.275
-0.285
-0.295
-0.275
-0.275
-0.285
-0.29
-0.29
-0.295
-0.285
-0.27
-0.265
-0.275
-0.285
-0.29
-0.28
-0.285
-0.27
-0.275
-0.28
-0.285
-0.28
-0.27
-0.27
-0.26
-0.265
-0.245
-0.235
-0.22
-0.225
-0.225
-0.235
-0.235
-0.225
-0.215
-0.21
-0.22
-0.215
-0.205
-0.175
-0.155
-0.135
-0.13
-0.14
-0.165
-0.185
-0.17
-0.17
-0.18
-0.19
-0.195
-0.195
-0.19
-0.2
-0.2
-0.21
-0.225
-0.225
-0.23
-0.25
-0.25
-0.285
-0.3
-0.305
-0.305
-0.32
-0.31
-0.325
-0.335
-0.325
-0.315
-0.325
-0.32
-0.335
-0.345
-0.33
-0.315
-0.315
-0.33
-0.34
-0.325
-0.33
-0.33
-0.325
-0.335
-0.355
-0.415
-0.43
-0.43
-0.415
-0.32
-0.15
0.09
0.38
0.68
1.015
1.305
1.445
1.39
1.16
0.835
0.505
0.275
0.145
0.1
0.06
-0.015
-0.11
-0.155
-0.195
-0.235
-0.255
-0.295
-0.32
-0.35
-0.395
-0.405
-0.4
-0.395
-0.39
-0.405
-0.425
-0.425
-0.42
-0.425
-0.43
-0.425
-0.43
-0.445
-0.43
-0.42
-0.42
-0.43
-0.44
-0.44
-0.425
-0.415
-0.425
-0.43
-0.435
-0.45
-0.44
-0.42
-0.42
-0.43
-0.435
-0.44
-0.445
-0.435
-0.43
-0.44
-0.44
-0.435
-0.425
-0.42
-0.43
-0.43
-0.445
-0.45
-0.44
-0.425
-0.43
-0.45
-0.445
-0.445
-0.435
-0.425
-0.43
-0.435
-0.44
-0.445
-0.425
-0.415
-0.41
-0.41
-0.42
-0.425
-0.42
-0.4
-0.39
-0.39
-0.4
-0.385
-0.38
-0.365
-0.375
-0.365
-0.375
-0.36
-0.35
-0.325
-0.315
-0.325
-0.32
-0.31
-0.295
-0.28
-0.265
-0.26
-0.26
-0.26
-0.245
-0.215
-0.205
-0.21
-0.205
-0.2
-0.175
-0.155
-0.17
-0.15
-0.155
-0.165
-0.145
-0.12
-0.125
-0.12
-0.13
-0.13
-0.125
-0.11
-0.12
-0.135
-0.135
-0.135
-0.14
-0.125
-0.14
-0.155
-0.165
-0.19
-0.195
-0.21
-0.21
-0.225
-0.24
-0.25
-0.255
-0.26
-0.275
-0.29
-0.305
-0.305
-0.31
-0.295
-0.31
-0.315
-0.325
-0.325
-0.33
-0.325
-0.335
-0.345
-0.345
-0.35
-0.335
-0.34
-0.345
-0.345
-0.36
-0.375
-0.37
-0.36
-0.355
-0.375
-0.365
-0.375
-0.35
-0.355
-0.355
-0.365
-0.37
-0.37
-0.36
-0.365
-0.36
-0.355
-0.365
-0.37
-0.37
-0.35
-0.345
-0.35
-0.355
-0.36
-0.345
-0.345
-0.355
-0.355
-0.355
-0.35
-0.345
-0.33
-0.33
-0.335
-0.345
-0.36
-0.33
-0.34
-0.345
-0.34
-0.35
-0.355
-0.35
-0.335
-0.34
-0.35
-0.355
-0.365
-0.35
-0.34
-0.345
-0.35
-0.355
-0.36
-0.34
-0.335
-0.34
-0.35
-0.36
-0.365
-0.35
-0.34
-0.34
-0.35
-0.36
-0.365
-0.36
-0.36
-0.35
-0.35
-0.36
-0.375
-0.36
-0.355
-0.35
-0.365
-0.37
-0.38
-0.37
-0.36
-0.37
-0.365
-0.37
-0.375
-0.36
-0.35
-0.365
-0.355
-0.375
-0.385
-0.37
-0.37
-0.365
-0.35
-0.37
-0.37
-0.365
-0.36
-0.365
-0.36
-0.365
-0.38
-0.36
-0.36
-0.36
-0.36
-0.37
-0.38
-0.375
-0.365
-0.37
-0.37
-0.38
-0.385
-0.39
-0.38
-0.37
-0.385
-0.38
-0.38
-0.375
-0.37
-0.375
-0.37
-0.375
-0.39
-0.38
-0.36
-0.36
-0.365
-0.38
-0.39
-0.38
-0.365
-0.375
-0.375
-0.375
-0.37
-0.37
-0.37
-0.365
-0.375
-0.37
-0.38
-0.36
-0.365
-0.36
-0.365
-0.355
-0.36
-0.355
-0.345
-0.345
-0.34
-0.33
-0.32
-0.32
-0.315
-0.31
-0.32
-0.325
-0.33
-0.31
-0.305
-0.29
-0.265
-0.26
-0.235
-0.22
-0.215
-0.225
-0.26
-0.27
-0.275
-0.265
-0.27
-0.27
-0.28
-0.29
-0.3
-0.285
-0.3
-0.295
-0.29
-0.32
-0.335
-0.345
-0.355
-0.375
-0.385
-0.4
-0.41
-0.4
-0.385
-0.395
-0.395
-0.41
-0.425
-0.415
-0.405
-0.395
-0.405
-0.435
-0.425
-0.415
-0.425
-0.42
-0.415
-0.425
-0.425
-0.42
-0.4
-0.395
-0.4
-0.425
-0.45
-0.47
-0.505
-0.525
-0.52
-0.45
-0.305
-0.1
0.185
0.475
0.815
1.11
1.285
1.285
1.125
0.785
0.435
0.18
0.055
0.03
0.0
-0.1
-0.2
-0.27
-0.285
-0.315
-0.345
-0.37
-0.385
-0.415
-0.465
-0.47
-0.47
-0.46
-0.465
-0.475
-0.475
-0.475
-0.465
-0.475
-0.485
-0.475
-0.49
-0.47
-0.48
-0.49
-0.49
-0.49
-0.49
-0.485
-0.475
-0.485
-0.5
-0.495
-0.515
-0.495
-0.485
-0.485
-0.495
-0.485
-0.49
-0.485
-0.48
-0.485
-0.49
-0.5
-0.5
-0.485
-0.485
-0.475
-0.485
-0.495
-0.5
-0.48
-0.48
-0.47
-0.475
-0.485
-0.49
-0.485
-0.48
-0.475
-0.47
-0.48
-0.49
-0.485
-0.465
-0.465
-0.47
-0.465
-0.475
-0.455
-0.445
-0.45
-0.44
-0.435
-0.44
-0.425
-0.415
-0.41
-0.405
-0.4
-0.415
-0.38
-0.365
-0.365
-0.35
-0.36
-0.345
-0.32
-0.315
-0.305
-0.295
-0.295
-0.295
-0.29
-0.265
-0.25
-0.245
-0.225
-0.22
-0.215
-0.215
-0.2
-0.2
-0.21
-0.215
-0.195
-0.175
-0.17
-0.175
-0.185
-0.195
-0.185
-0.18
-0.19
-0.195
-0.21
-0.22
-0.23
-0.225
-0.24
-0.265
-0.28
-0.29
-0.305
-0.32
-0.32
-0.34
-0.355
-0.37
-0.375
-0.365
-0.385
-0.39
-0.41
-0.415
-0.415
-0.415
-0.43
-0.425
-0.44
-0.44
-0.445
-0.43
-0.445
-0.445
-0.45
-0.46
-0.455
-0.44
-0.445
-0.44
-0.46
-0.47
-0.465
-0.45
-0.455
-0.47
-0.46
-0.465
-0.46
-0.455
-0.445
-0.455
-0.475
-0.465
-0.46
-0.455
-0.455
-0.455
-0.465
-0.47
-0.455
-0.45
-0.445
-0.455
-0.455
-0.455
-0.455
-0.445
-0.44
-0.445
-0.45
-0.455
-0.445
-0.43
-0.445
-0.435
-0.455
-0.45
-0.45
-0.435
-0.435
-0.445
-0.455
-0.455
-0.45
-0.435
-0.45
-0.45
-0.465
-0.46
-0.45
-0.445
-0.445
-0.465
-0.46
-0.47
-0.46
-0.44
-0.45
-0.455
-0.455
-0.465
-0.46
-0.465
-0.46
-0.45
-0.465
-0.465
-0.465
-0.455
-0.445
-0.455
-0.465
-0.47
-0.46
-0.455
-0.445
-0.465
-0.47
-0.48
-0.465
-0.45
-0.45
-0.465
-0.465
-0.465
-0.465
-0.46
-0.465
-0.465
-0.46
-0.47
-0.465
-0.46
-0.47
-0.465
-0.47
-0.47
-0.47
-0.46
-0.45
-0.455
-0.47
-0.465
-0.465
-0.455
-0.465
-0.455
-0.47
-0.485
-0.475
-0.465
-0.465
-0.465
-0.465
-0.475
-0.455
-0.45
-0.46
-0.46
-0.475
-0.48
-0.48
-0.46
-0.46
-0.46
-0.47
-0.48
-0.47
-0.46
-0.46
-0.47
-0.465
-0.47
-0.46
-0.445
-0.44
-0.425
-0.44
-0.445
-0.43
-0.405
-0.4
-0.405
-0.41
-0.41
-0.405
-0.39
-0.38
-0.38
-0.39
-0.38
-0.35
-0.315
-0.31
-0.32
-0.335
-0.35
-0.355
-0.355
-0.36
-0.37
-0.375
-0.39
-0.385
-0.375
-0.38
-0.4
-0.395
-0.42
-0.425
-0.43
-0.44
-0.46
-0.475
-0.5
-0.49
-0.49
-0.485
-0.49
-0.49
-0.495
-0.495
-0.49
-0.485
-0.51
-0.515
-0.52
-0.505
-0.495
-0.5
-0.495
-0.495
-0.51
-0.5
-0.49
-0.485
-0.5
-0.53
-0.55
-0.57
-0.59
-0.6
-0.59
-0.53
-0.385
-0.145
0.125
0.445
0.79
1.105
1.235
1.16
0.845
0.455
0.155
0.0
-0.035
-0.065
-0.145
-0.255
-0.34
-0.365
-0.385
-0.415
-0.445
-0.46
-0.495
-0.52
-0.53
-0.545
-0.54
-0.54
-0.545
-0.55
-0.55
-0.545
-0.545
-0.545
-0.555
-0.55
-0.555
-0.55
-0.535
-0.545
-0.55
-0.555
-0.555
-0.55
-0.525
-0.54
-0.55
-0.56
-0.575
-0.555
-0.555
-0.54
-0.555
-0.56
-0.555
-0.55
-0.545
-0.55
-0.55
-0.565
-0.58
-0.55
-0.55
-0.54
-0.55
-0.555
-0.565
-0.545
-0.535
-0.545
-0.545
-0.54
-0.555
-0.55
-0.525
-0.52
-0.53
-0.535
-0.53
-0.53
-0.51
-0.515
-0.515
-0.51
-0.505
-0.495
-0.48
-0.485
-0.485
-0.485
-0.485
-0.455
-0.46
-0.45
-0.435
-0.43
-0.425
-0.42
-0.39
-0.375
-0.375
-0.36
-0.345
-0.34
-0.325
-0.32
-0.305
-0.295
-0.3
-0.29
-0.27
-0.245
-0.255
-0.25
-0.245
-0.235
-0.215
-0.22
-0.22
-0.21
-0.22
-0.22
-0.215
-0.23
-0.23
-0.245
-0.265
-0.275
-0.27
-0.27
-0.295
-0.305
-0.325
-0.34
-0.34
-0.355
-0.375
-0.385
-0.41
-0.415
-0.415
-0.415
-0.425
-0.445
-0.45
-0.44
-0.445
-0.45
-0.46
-0.46
-0.475
-0.48
-0.47
-0.47
-0.48
-0.485
-0.495
-0.48
-0.475
-0.48
-0.475
-0.495
-0.495
-0.475
-0.475
-0.475
-0.48
-0.495
-0.5
-0.49
-0.48
-0.465
-0.49
-0.48
-0.485
-0.485
-0.48
-0.465
-0.48
-0.49
-0.495
-0.48
-0.465
-0.46
-0.47
-0.465
-0.475
-0.465
-0.46
-0.45
-0.46
-0.465
-0.475
-0.475
-0.465
-0.45
-0.45
-0.465
-0.465
-0.465
-0.455
-0.455
-0.46
-0.47
-0.465
-0.465
-0.455
-0.45
-0.465
-0.47
-0.475
-0.48
-0.47
-0.46
-0.475
-0.485
-0.48
-0.47
-0.475
-0.485
-0.47
-0.485
-0.485
-0.48
-0.475
-0.485
-0.485
-0.49
-0.49
-0.47
-0.47
-0.475
-0.47
-0.49
-0.485
-0.48
-0.465
-0.465
-0.475
-0.49
-0.49
-0.48
-0.47
-0.47
-0.47
-0.48
-0.48
-0.475
-0.465
-0.465
-0.47
-0.475
-0.48
-0.47
-0.465
-0.46
-0.465
-0.48
-0.485
-0.47
-0.465
-0.47
-0.47
-0.475
-0.485
-0.46
-0.445
-0.45
-0.44
-0.465
-0.465
-0.465
-0.45
-0.46
-0.445
-0.465
-0.475
-0.46
-0.44
-0.44
-0.46
-0.46
-0.45
-0.44
-0.43
-0.445
-0.455
-0.455
-0.46
-0.44
-0.43
-0.43
-0.43
-0.445
-0.44
-0.42
-0.41
-0.4
-0.385
-0.39
-0.395
-0.395
-0.385
-0.385
-0.38
-0.385
-0.385
-0.37
-0.35
-0.335
-0.32
-0.3
-0.29
-0.285
-0.3
-0.3
-0.315
-0.325
-0.32
-0.325
-0.34
-0.33
-0.335
-0.345
-0.35
-0.355
-0.35
-0.36
-0.36
-0.385
-0.42
-0.435
-0.425
-0.43
-0.445
-0.445
-0.455
-0.445
-0.445
-0.45
-0.45
-0.47
-0.465
-0.45
-0.445
-0.445
-0.45
-0.465
