1.725
1.73
1.55
1.125
0.57
0.03
-0.355
-0.555
-0.58
-0.545
-0.47
-0.345
-0.26
-0.245
-0.28
-0.295
-0.3
-0.28
-0.275
-0.29
-0.32
-0.34
-0.315
-0.305
-0.32
-0.325
-0.35
-0.34
-0.335
-0.335
-0.33
-0.335
-0.34
-0.335
-0.34
-0.34
-0.335
-0.33
-0.35
-0.345
-0.335
-0.325
-0.32
-0.325
-0.335
-0.33
-0.33
-0.325
-0.32
-0.32
-0.33
-0.31
-0.31
-0.3
-0.29
-0.295
-0.315
-0.295
-0.28
-0.26
-0.265
-0.255
-0.25
-0.24
-0.225
-0.2
-0.205
-0.195
-0.18
-0.155
-0.13
-0.12
-0.11
-0.09
-0.085
-0.07
-0.04
-0.02
-0.015
0.005
0.005
0.025
0.055
0.065
0.08
0.095
0.095
0.105
0.12
0.13
0.125
0.135
0.125
0.135
0.135
0.13
0.14
0.125
0.095
0.095
0.095
0.08
0.045
0.035
0.005
-0.005
-0.025
-0.055
-0.065
-0.09
-0.11
-0.13
-0.13
-0.14
-0.16
-0.175
-0.195
-0.2
-0.205
-0.195
-0.195
-0.21
-0.23
-0.225
-0.22
-0.215
-0.21
-0.22
-0.23
-0.235
-0.225
-0.225
-0.235
-0.23
-0.245
-0.24
-0.225
-0.215
-0.215
-0.215
-0.23
-0.225
-0.215
-0.205
-0.2
-0.21
-0.22
-0.2
-0.2
-0.19
-0.19
-0.19
-0.205
-0.205
-0.19
-0.19
-0.185
-0.195
-0.195
-0.19
-0.195
-0.18
-0.185
-0.195
-0.2
-0.215
-0.195
-0.19
-0.19
-0.2
-0.215
-0.205
-0.205
-0.205
-0.205
-0.21
-0.23
-0.225
-0.22
-0.21
-0.23
-0.24
-0.245
-0.245
-0.23
-0.24
-0.24
-0.25
-0.25
-0.265
-0.255
-0.26
-0.26
-0.27
-0.285
-0.275
-0.285
-0.28
-0.285
-0.29
-0.31
-0.3
-0.285
-0.29
-0.29
-0.305
-0.315
-0.31
-0.31
-0.295
-0.305
-0.305
-0.315
-0.31
-0.305
-0.3
-0.295
-0.305
-0.315
-0.32
-0.31
-0.31
-0.31
-0.305
-0.325
-0.315
-0.305
-0.295
-0.28
-0.28
-0.285
-0.26
-0.26
-0.24
-0.24
-0.235
-0.25
-0.24
-0.225
-0.22
-0.215
-0.24
-0.24
-0.23
-0.225
-0.22
-0.245
-0.26
-0.285
-0.285
-0.28
-0.27
-0.27
-0.265
-0.265
-0.275
-0.275
-0.285
-0.295
-0.31
-0.335
-0.35
-0.345
-0.335
-0.33
-0.345
-0.38
-0.385
-0.37
-0.375
-0.38
-0.39
-0.4
-0.405
-0.385
-0.37
-0.365
-0.385
-0.39
-0.395
-0.375
-0.38
-0.38
-0.385
-0.4
-0.4
-0.395
-0.44
-0.46
-0.505
-0.5
-0.46
-0.4
-0.295
-0.09
0.22
0.555
0.87
1.15
1.375
1.49
1.45
1.195
0.735
0.22
-0.2
-0.49
-0.61
-0.655
-0.575
-0.465
-0.35
-0.325
-0.36
-0.385
-0.4
-0.38
-0.36
-0.375
-0.4
-0.42
-0.415
-0.4
-0.405
-0.42
-0.425
-0.465
-0.455
-0.43
-0.415
-0.42
-0.43
-0.46
-0.44
-0.445
-0.43
-0.45
-0.43
-0.44
-0.435
-0.42
-0.43
-0.425
-0.415
-0.435
-0.43
-0.415
-0.405
-0.41
-0.405
-0.42
-0.4
-0.405
-0.39
-0.38
-0.39
-0.4
-0.385
-0.375
-0.35
-0.34
-0.345
-0.34
-0.345
-0.325
-0.305
-0.28
-0.27
-0.27
-0.25
-0.205
-0.19
-0.175
-0.165
-0.17
-0.14
-0.115
-0.095
-0.09
-0.08
-0.08
-0.05
-0.035
-0.02
-0.02
-0.02
-0.015
-0.005
0.02
0.035
0.03
0.03
0.025
0.025
0.03
0.03
0.005
0.0
-0.035
-0.04
-0.05
-0.075
-0.085
-0.11
-0.145
-0.17
-0.18
-0.175
-0.19
-0.22
-0.245
-0.255
-0.255
-0.25
-0.265
-0.28
-0.29
-0.295
-0.29
-0.285
-0.29
-0.305
-0.315
-0.315
-0.315
-0.315
-0.315
-0.305
-0.325
-0.315
-0.32
-0.295
-0.3
-0.305
-0.32
-0.31
-0.3
-0.3
-0.285
-0.29
-0.295
-0.295
-0.285
-0.275
-0.28
-0.285
-0.29
-0.27
-0.27
-0.255
-0.26
-0.265
-0.27
-0.275
-0.255
-0.245
-0.245
-0.245
-0.26
-0.255
-0.26
-0.25
-0.235
-0.255
-0.255
-0.255
-0.255
-0.245
-0.25
-0.265
-0.275
-0.26
-0.26
-0.265
-0.26
-0.26
-0.285
-0.285
-0.27
-0.27
-0.27
-0.27
-0.29
-0.29
-0.295
-0.28
-0.295
-0.31
-0.325
-0.325
-0.315
-0.305
-0.315
-0.33
-0.325
-0.335
-0.335
-0.33
-0.32
-0.33
-0.35
-0.35
-0.34
-0.345
-0.33
-0.345
-0.355
-0.365
-0.345
-0.33
-0.335
-0.34
-0.355
-0.35
-0.33
-0.32
-0.315
-0.31
-0.305
-0.28
-0.275
-0.255
-0.25
-0.265
-0.265
-0.255
-0.25
-0.23
-0.225
-0.245
-0.25
-0.245
-0.235
-0.22
-0.23
-0.25
-0.285
-0.285
-0.28
-0.28
-0.29
-0.285
-0.285
-0.275
-0.265
-0.27
-0.275
-0.29
-0.315
-0.325
-0.33
-0.34
-0.335
-0.35
-0.375
-0.38
-0.365
-0.37
-0.38
-0.39
-0.41
-0.39
-0.385
-0.37
-0.38
-0.385
-0.41
-0.4
-0.4
-0.375
-0.385
-0.395
-0.41
-0.4
-0.41
-0.445
-0.49
-0.535
-0.54
-0.49
-0.415
-0.275
-0.035
0.305
0.685
1.05
1.365
1.595
1.68
1.575
1.245
0.71
0.13
-0.335
-0.585
-0.675
-0.65
-0.55
-0.43
-0.345
-0.32
-0.345
-0.38
-0.385
-0.375
-0.365
-0.385
-0.38
-0.405
-0.415
-0.415
-0.405
-0.395
-0.415
-0.425
-0.42
-0.415
-0.41
-0.41
-0.43
-0.42
-0.42
-0.415
-0.41
-0.415
-0.41
-0.42
-0.41
-0.4
-0.385
-0.395
-0.405
-0.41
-0.405
-0.395
-0.385
-0.38
-0.395
-0.395
-0.39
-0.385
-0.36
-0.355
-0.355
-0.37
-0.355
-0.34
-0.335
-0.315
-0.32
-0.315
-0.29
-0.28
-0.255
-0.24
-0.24
-0.235
-0.21
-0.185
-0.15
-0.14
-0.13
-0.115
-0.095
-0.075
-0.04
-0.02
-0.02
-0.01
0.005
0.03
0.04
0.055
0.07
0.075
0.09
0.105
0.125
0.12
0.115
0.105
0.1
0.105
0.115
0.115
0.08
0.07
0.06
0.055
0.04
0.01
-0.015
-0.06
-0.055
-0.085
-0.105
-0.13
-0.155
-0.18
-0.2
-0.21
-0.215
-0.23
-0.25
-0.265
-0.265
-0.27
-0.27
-0.27
-0.28
-0.285
-0.285
-0.28
-0.275
-0.285
-0.295
-0.3
-0.295
-0.305
-0.29
-0.275
-0.28
-0.29
-0.28
-0.265
-0.265
-0.255
-0.255
-0.265
-0.255
-0.245
-0.25
-0.235
-0.245
-0.255
-0.23
-0.24
-0.22
-0.22
-0.225
-0.245
-0.23
-0.24
-0.22
-0.225
-0.235
-0.23
-0.225
-0.23
-0.23
-0.22
-0.235
-0.245
-0.235
-0.23
-0.22
-0.225
-0.235
-0.25
-0.255
-0.24
-0.23
-0.23
-0.25
-0.26
-0.25
-0.245
-0.245
-0.245
-0.265
-0.27
-0.28
-0.26
-0.26
-0.27
-0.275
-0.285
-0.28
-0.28
-0.275
-0.285
-0.295
-0.315
-0.3
-0.29
-0.295
-0.3
-0.305
-0.32
-0.31
-0.305
-0.31
-0.315
-0.32
-0.33
-0.32
-0.315
-0.31
-0.31
-0.31
-0.315
-0.305
-0.3
-0.28
-0.265
-0.27
-0.265
-0.245
-0.25
-0.235
-0.225
-0.23
-0.23
-0.225
-0.205
-0.2
-0.195
-0.22
-0.215
-0.195
-0.185
-0.19
-0.215
-0.225
-0.25
-0.255
-0.25
-0.25
-0.24
-0.24
-0.255
-0.245
-0.255
-0.255
-0.27
-0.295
-0.3
-0.31
-0.315
-0.32
-0.345
-0.35
-0.36
-0.365
-0.35
-0.35
-0.36
-0.375
-0.37
-0.375
-0.36
-0.35
-0.355
-0.355
-0.365
-0.365
-0.36
-0.35
-0.36
-0.355
-0.36
-0.36
-0.35
-0.365
-0.38
-0.43
-0.505
-0.53
-0.505
-0.445
-0.39
-0.28
-0.08
0.265
0.675
1.04
1.355
1.615
1.75
1.74
1.57
1.155
0.56
0.015
-0.38
-0.585
-0.615
-0.57
-0.52
-0.45
-0.36
-0.305
-0.29
-0.31
-0.33
-0.335
-0.35
-0.335
-0.33
-0.335
-0.35
-0.37
-0.38
-0.385
-0.365
-0.36
-0.37
-0.38
-0.39
-0.38
-0.375
-0.36
-0.36
-0.37
-0.38
-0.37
-0.365
-0.365
-0.365
-0.37
-0.385
-0.38
-0.355
-0.355
-0.355
-0.365
-0.375
-0.355
-0.34
-0.34
-0.345
-0.34
-0.35
-0.345
-0.325
-0.315
-0.31
-0.32
-0.315
-0.31
-0.295
-0.29
-0.27
-0.275
-0.285
-0.275
-0.245
-0.23
-0.225
-0.22
-0.205
-0.2
-0.175
-0.16
-0.14
-0.13
-0.125
-0.11
-0.075
-0.05
-0.04
-0.02
-0.015
0.005
0.035
0.06
0.065
0.075
0.08
0.1
0.115
0.15
0.15
0.145
0.145
0.16
0.175
0.195
0.19
0.175
0.175
0.165
0.17
0.165
0.165
0.14
0.11
0.105
0.095
0.075
0.055
0.025
-0.015
-0.04
-0.04
-0.05
-0.07
-0.09
-0.125
-0.145
-0.145
-0.15
-0.15
-0.165
-0.185
-0.2
-0.185
-0.19
-0.2
-0.215
-0.215
-0.215
-0.21
-0.21
-0.2
-0.205
-0.225
-0.215
-0.2
-0.2
-0.21
-0.21
-0.22
-0.215
-0.21
-0.205
-0.2
-0.195
-0.2
-0.2
-0.2
-0.18
-0.175
-0.185
-0.18
-0.185
-0.17
-0.16
-0.16
-0.17
-0.18
-0.165
-0.155
-0.145
-0.145
-0.155
-0.165
-0.16
-0.155
-0.145
-0.15
-0.15
-0.16
-0.165
-0.16
-0.165
-0.175
-0.175
-0.175
-0.175
-0.17
-0.16
-0.16
-0.175
-0.18
-0.175
-0.165
-0.15
-0.165
-0.18
-0.195
-0.19
-0.18
-0.17
-0.19
-0.195
-0.205
-0.205
-0.215
-0.19
-0.205
-0.21
-0.23
-0.22
-0.205
-0.2
-0.21
-0.235
-0.245
-0.245
-0.215
-0.22
-0.215
-0.235
-0.25
-0.235
-0.245
-0.235
-0.24
-0.245
-0.25
-0.25
-0.245
-0.23
-0.245
-0.245
-0.24
-0.255
-0.255
-0.235
-0.235
-0.24
-0.25
-0.255
-0.24
-0.23
-0.215
-0.215
-0.225
-0.205
-0.18
-0.17
-0.17
-0.18
-0.195
-0.18
-0.17
-0.16
-0.16
-0.155
-0.16
-0.15
-0.14
-0.135
-0.135
-0.125
-0.155
-0.145
-0.145
-0.16
-0.165
-0.185
-0.215
-0.2
-0.19
-0.17
-0.17
-0.18
-0.19
-0.215
-0.22
-0.22
-0.225
-0.24
-0.255
-0.265
-0.27
-0.265
-0.27
-0.295
-0.31
-0.315
-0.315
-0.305
-0.3
-0.315
-0.32
-0.31
-0.31
-0.295
-0.305
-0.3
-0.32
-0.315
-0.31
-0.295
-0.3
-0.32
-0.32
-0.31
-0.315
-0.315
-0.365
-0.43
-0.49
-0.465
-0.415
-0.35
-0.285
-0.135
0.14
0.505
0.86
1.175
1.46
1.675
1.785
1.775
1.625
1.26
0.68
0.085
-0.355
-0.56
-0.59
-0.555
-0.495
-0.42
-0.34
-0.275
-0.25
-0.28
-0.3
-0.295
-0.31
-0.305
-0.295
-0.3
-0.32
-0.335
-0.335
-0.33
-0.335
-0.33
-0.34
-0.345
-0.35
-0.345
-0.33
-0.325
-0.33
-0.335
-0.345
-0.345
-0.34
-0.335
-0.335
-0.335
-0.35
-0.335
-0.32
-0.31
-0.32
-0.325
-0.33
-0.32
-0.32
-0.315
-0.295
-0.32
-0.325
-0.305
-0.285
-0.28
-0.28
-0.27
-0.285
-0.28
-0.255
-0.25
-0.24
-0.24
-0.25
-0.225
-0.22
-0.205
-0.175
-0.175
-0.175
-0.155
-0.13
-0.11
-0.1
-0.08
-0.08
-0.07
-0.04
-0.005
0.005
0.02
0.015
0.03
0.06
0.075
0.095
0.1
0.1
0.12
0.135
0.155
0.165
0.17
0.16
0.17
0.19
0.21
0.21
0.185
0.175
0.18
0.18
0.175
0.16
0.145
0.11
0.095
0.075
0.075
0.055
0.015
-0.005
-0.03
-0.04
-0.06
-0.07
-0.1
-0.13
-0.135
-0.13
-0.145
-0.15
-0.165
-0.18
-0.18
-0.175
-0.19
-0.185
-0.195
-0.205
-0.195
-0.205
-0.21
-0.195
-0.195
-0.21
-0.2
-0.2
-0.195
-0.19
-0.19
-0.21
-0.205
-0.205
-0.185
-0.185
-0.18
-0.185
-0.185
-0.185
-0.17
-0.16
-0.16
-0.18
-0.165
-0.16
-0.16
-0.16
-0.17
-0.18
-0.16
-0.155
-0.145
-0.135
-0.145
-0.16
-0.145
-0.145
-0.135
-0.145
-0.15
-0.155
-0.16
-0.15
-0.145
-0.145
-0.155
-0.16
-0.155
-0.15
-0.15
-0.14
-0.15
-0.17
-0.17
-0.165
-0.16
-0.16
-0.175
-0.18
-0.195
-0.165
-0.17
-0.165
-0.17
-0.18
-0.175
-0.17
-0.17
-0.17
-0.195
-0.195
-0.2
-0.19
-0.19
-0.19
-0.195
-0.215
-0.22
-0.21
-0.215
-0.2
-0.215
-0.225
-0.225
-0.21
-0.21
-0.195
-0.21
-0.225
-0.24
-0.235
-0.215
-0.225
-0.24
-0.24
-0.235
-0.235
-0.22
-0.22
-0.23
-0.245
-0.24
-0.23
-0.215
-0.215
-0.225
-0.23
-0.215
-0.21
-0.195
-0.185
-0.17
-0.165
-0.16
-0.145
-0.145
-0.155
-0.155
-0.16
-0.145
-0.13
-0.115
-0.115
-0.13
-0.125
-0.125
-0.12
-0.12
-0.12
-0.135
-0.155
-0.165
-0.19
-0.175
-0.175
-0.18
-0.18
-0.155
-0.17
-0.17
-0.19
-0.21
-0.235
-0.23
-0.23
-0.23
-0.24
-0.25
-0.265
-0.27
-0.275
-0.26
-0.27
-0.285
-0.3
-0.295
-0.285
-0.28
-0.285
-0.28
-0.285
-0.29
-0.29
-0.28
-0.28
-0.285
-0.3
-0.295
-0.285
-0.275
-0.29
-0.315
-0.35
-0.395
-0.445
-0.43
-0.385
-0.335
-0.26
-0.085
0.215
0.565
0.92
1.24
1.49
1.67
1.685
1.495
1.045
0.45
-0.07
-0.41
-0.54
-0.535
-0.49
-0.405
-0.31
-0.245
-0.255
-0.28
-0.28
-0.285
-0.29
-0.285
-0.29
-0.3
-0.295
-0.31
-0.325
-0.32
-0.315
-0.3
-0.315
-0.31
-0.32
-0.315
-0.32
-0.315
-0.31
-0.315
-0.33
-0.325
-0.315
-0.315
-0.315
-0.315
-0.33
-0.325
-0.315
-0.3
-0.315
-0.32
-0.335
-0.315
-0.3
-0.29
-0.29
-0.3
-0.31
-0.295
-0.285
-0.28
-0.26
-0.27
-0.27
-0.265
-0.24
-0.22
-0.225
-0.225
-0.215
-0.215
-0.19
-0.16
-0.14
-0.14
-0.14
-0.115
-0.085
-0.065
-0.065
-0.045
-0.04
-0.015
0.01
0.03
0.04
0.045
0.05
0.075
0.095
0.12
0.12
0.125
0.12
0.14
0.16
0.17
0.16
0.16
0.15
0.155
0.16
0.145
0.145
0.115
0.095
0.09
0.07
0.065
0.055
0.02
-0.01
-0.03
-0.035
-0.04
-0.07
-0.095
-0.125
-0.13
-0.12
-0.125
-0.145
-0.165
-0.175
-0.175
-0.17
-0.165
-0.185
-0.195
-0.2
-0.195
-0.18
-0.185
-0.19
-0.205
-0.21
-0.2
-0.19
-0.18
-0.19
-0.2
-0.205
-0.21
-0.19
-0.18
-0.185
-0.18
-0.19
-0.175
-0.155
-0.17
-0.175
-0.185
-0.185
-0.17
-0.15
-0.16
-0.155
-0.16
-0.17
-0.16
-0.15
-0.15
-0.14
-0.145
-0.16
-0.155
-0.145
-0.14
-0.15
-0.15
-0.165
-0.15
-0.155
-0.15
-0.155
-0.155
-0.165
-0.165
-0.155
-0.155
-0.155
-0.175
-0.185
-0.185
-0.175
-0.17
-0.175
-0.18
-0.185
-0.18
-0.19
-0.185
-0.19
-0.215
-0.21
-0.215
-0.205
-0.205
-0.22
-0.22
-0.245
-0.24
-0.225
-0.225
-0.23
-0.23
-0.25
-0.24
-0.245
-0.23
-0.24
-0.235
-0.265
-0.27
-0.26
-0.24
-0.24
-0.255
-0.265
-0.275
-0.27
-0.25
-0.255
-0.255
-0.265
-0.265
-0.26
-0.25
-0.25
-0.26
-0.27
-0.26
-0.25
-0.24
-0.225
-0.21
-0.225
-0.2
-0.185
-0.18
-0.185
-0.185
-0.185
-0.175
-0.16
-0.165
-0.17
-0.16
-0.17
-0.17
-0.16
-0.165
-0.185
-0.205
-0.23
-0.25
-0.235
-0.21
-0.21
-0.2
-0.22
-0.22
-0.22
-0.235
-0.245
-0.265
-0.285
-0.295
-0.28
-0.285
-0.3
-0.31
-0.315
-0.325
-0.32
-0.32
-0.33
-0.33
-0.33
-0.33
-0.32
-0.315
-0.32
-0.33
-0.355
-0.34
-0.33
-0.32
