0.42
0.135
0.095
0.14
0.16
0.12
0.075
0.05
0.05
0.035
0.03
-0.005
-0.045
-0.085
-0.115
-0.125
-0.145
-0.16
-0.2
-0.25
-0.285
-0.315
-0.335
-0.39
-0.45
-0.545
-0.605
-0.65
-0.65
-0.68
-0.715
-0.75
-0.755
-0.745
-0.725
-0.72
-0.72
-0.715
-0.695
-0.68
-0.655
-0.635
-0.615
-0.585
-0.545
-0.465
-0.405
-0.37
-0.335
-0.315
-0.27
-0.225
-0.185
-0.155
-0.14
-0.135
-0.115
-0.1
-0.085
-0.08
-0.07
-0.06
-0.06
-0.035
-0.03
-0.035
-0.055
-0.055
-0.05
-0.045
-0.015
-0.03
-0.01
0.0
0.0
0.025
0.045
0.06
0.055
0.065
0.065
0.08
0.085
0.085
0.08
0.08
0.08
0.08
0.1
0.095
0.1
0.1
0.095
0.11
0.12
0.115
0.105
0.105
0.115
0.125
0.12
0.135
0.13
0.115
0.125
0.135
0.15
0.14
0.125
0.13
0.135
0.145
0.165
0.155
0.145
0.15
0.15
0.155
0.165
0.17
0.16
0.165
0.165
0.185
0.18
0.195
0.19
0.18
0.18
0.195
0.19
0.2
0.19
0.18
0.175
0.185
0.19
0.185
0.175
0.15
0.145
0.14
0.145
0.13
0.12
0.11
0.105
0.09
0.09
0.08
0.06
0.045
0.04
0.045
0.055
0.04
0.02
0.015
0.015
0.01
0.025
0.005
0.0
-0.01
-0.01
-0.005
0.015
0.01
-0.005
0.0
-0.005
-0.005
0.01
-0.02
-0.04
-0.055
-0.075
-0.07
-0.06
-0.065
-0.085
-0.095
-0.11
-0.1
-0.105
-0.105
-0.105
-0.115
-0.125
-0.12
-0.13
-0.125
-0.13
-0.14
-0.145
-0.14
-0.125
-0.125
-0.135
-0.14
-0.145
-0.135
-0.13
-0.13
-0.14
-0.15
-0.145
-0.155
-0.145
-0.14
-0.16
-0.17
-0.17
-0.16
-0.155
-0.155
-0.165
-0.175
-0.185
-0.18
-0.17
-0.175
-0.18
-0.195
-0.19
-0.195
-0.19
-0.19
-0.205
-0.205
-0.205
-0.205
-0.195
-0.19
-0.2
-0.21
-0.2
-0.19
-0.185
-0.19
-0.2
-0.2
-0.21
-0.19
-0.185
-0.19
-0.195
-0.21
-0.185
-0.145
-0.105
-0.04
0.0
0.055
0.12
0.19
0.26
0.32
0.41
0.525
0.68
0.84
0.985
1.085
1.135
1.1
0.985
0.815
0.615
0.41
0.225
0.085
-0.01
-0.125
-0.25
-0.355
-0.405
-0.43
-0.45
-0.45
-0.44
-0.44
-0.44
-0.45
-0.465
-0.46
-0.45
-0.45
-0.445
-0.465
-0.46
-0.46
-0.445
-0.45
-0.465
-0.465
-0.47
-0.47
-0.46
-0.465
-0.47
-0.47
-0.46
-0.465
-0.455
-0.45
-0.465
-0.465
-0.49
-0.47
-0.46
-0.47
-0.47
-0.48
-0.49
-0.465
-0.455
-0.46
-0.475
-0.495
-0.485
-0.485
-0.48
-0.475
-0.49
-0.52
-0.505
-0.495
-0.5
-0.51
-0.52
-0.515
-0.52
-0.525
-0.515
-0.525
-0.53
-0.545
-0.55
-0.54
-0.525
-0.55
-0.555
-0.57
-0.555
-0.55
-0.54
-0.54
-0.55
-0.575
-0.56
-0.555
-0.54
-0.55
-0.545
-0.56
-0.555
-0.535
-0.52
-0.525
-0.535
-0.54
-0.525
-0.51
-0.5
-0.49
-0.49
-0.49
-0.475
-0.47
-0.44
-0.435
-0.435
-0.435
-0.425
-0.405
-0.385
-0.375
-0.35
-0.36
-0.35
-0.34
-0.315
-0.32
-0.31
-0.315
-0.31
-0.295
-0.28
-0.27
-0.28
-0.29
-0.275
-0.27
-0.255
-0.265
-0.27
-0.275
-0.265
-0.265
-0.255
-0.255
-0.26
-0.27
-0.27
-0.27
-0.255
-0.255
-0.265
-0.28
-0.28
-0.26
-0.27
-0.265
-0.265
-0.27
-0.275
-0.265
-0.26
-0.255
-0.27
-0.275
-0.27
-0.25
-0.26
-0.255
-0.27
-0.265
-0.265
-0.25
-0.255
-0.255
-0.27
-0.285
-0.275
-0.27
-0.245
-0.25
-0.26
-0.27
-0.275
-0.27
-0.25
-0.25
-0.26
-0.265
-0.265
-0.255
-0.255
-0.235
-0.255
-0.26
-0.265
-0.25
-0.25
-0.25
-0.26
-0.27
-0.27
-0.265
-0.255
-0.265
-0.275
-0.275
-0.28
-0.265
-0.25
-0.255
-0.26
-0.265
-0.27
-0.25
-0.25
-0.245
-0.245
-0.25
-0.245
-0.235
-0.215
-0.225
-0.225
-0.24
-0.23
-0.215
-0.2
-0.19
-0.205
-0.2
-0.19
-0.175
-0.17
-0.17
-0.19
-0.215
-0.225
-0.22
-0.22
-0.21
-0.22
-0.24
-0.25
-0.245
-0.245
-0.235
-0.245
-0.26
-0.265
-0.24
-0.245
-0.245
-0.25
-0.255
-0.255
-0.25
-0.24
-0.23
-0.24
-0.25
-0.26
-0.255
-0.24
-0.245
-0.265
-0.27
-0.245
-0.245
-0.235
-0.245
-0.25
-0.26
-0.255
-0.245
-0.235
-0.24
-0.245
-0.25
-0.245
-0.235
-0.225
-0.235
-0.24
-0.245
-0.245
-0.23
-0.225
-0.21
-0.205
-0.18
-0.13
-0.075
-0.02
0.055
0.11
0.155
0.23
0.33
0.455
0.59
0.725
0.86
0.975
1.06
1.065
0.965
0.795
0.59
0.39
0.215
0.05
-0.125
-0.245
-0.325
-0.405
-0.445
-0.46
-0.46
-0.465
-0.465
-0.46
-0.46
-0.45
-0.455
-0.46
-0.455
-0.455
-0.435
-0.435
-0.43
-0.445
-0.455
-0.455
-0.45
-0.435
-0.435
-0.445
-0.465
-0.465
-0.46
-0.45
-0.445
-0.47
-0.47
-0.465
-0.45
-0.445
-0.465
-0.465
-0.475
-0.485
-0.475
-0.465
-0.465
-0.48
-0.49
-0.49
-0.475
-0.47
-0.46
-0.475
-0.48
-0.49
-0.475
-0.47
-0.465
-0.475
-0.495
-0.48
-0.49
-0.485
-0.485
-0.495
-0.49
-0.49
-0.485
-0.47
-0.465
-0.47
-0.485
-0.485
-0.47
-0.46
-0.45
-0.47
-0.47
-0.46
-0.45
-0.445
-0.445
-0.45
-0.445
-0.445
-0.425
-0.4
-0.4
-0.405
-0.41
-0.41
-0.385
-0.375
-0.365
-0.365
-0.37
-0.355
-0.33
-0.31
-0.315
-0.315
-0.31
-0.3
-0.285
-0.26
-0.25
-0.255
-0.255
-0.25
-0.24
-0.225
-0.22
-0.225
-0.235
-0.22
-0.22
-0.205
-0.205
-0.225
-0.225
-0.225
-0.205
-0.2
-0.205
-0.22
-0.225
-0.24
-0.22
-0.215
-0.215
-0.22
-0.23
-0.23
-0.215
-0.21
-0.22
-0.215
-0.245
-0.23
-0.225
-0.225
-0.225
-0.25
-0.255
-0.245
-0.24
-0.235
-0.25
-0.26
-0.275
-0.27
-0.255
-0.245
-0.24
-0.26
-0.27
-0.275
-0.265
-0.26
-0.265
-0.275
-0.285
-0.285
-0.275
-0.26
-0.26
-0.275
-0.285
-0.29
-0.275
-0.265
-0.26
-0.265
-0.28
-0.28
-0.265
-0.26
-0.26
-0.255
-0.275
-0.26
-0.255
-0.25
-0.255
-0.265
-0.275
-0.27
-0.26
-0.25
-0.255
-0.265
-0.275
-0.285
-0.275
-0.265
-0.26
-0.27
-0.285
-0.3
-0.27
-0.265
-0.26
-0.27
-0.28
-0.27
-0.255
-0.245
-0.24
-0.25
-0.25
-0.245
-0.23
-0.22
-0.235
-0.235
-0.235
-0.225
-0.205
-0.185
-0.185
-0.18
-0.185
-0.195
-0.185
-0.165
-0.185
-0.195
-0.22
-0.215
-0.205
-0.21
-0.21
-0.215
-0.225
-0.24
-0.235
-0.225
-0.23
-0.23
-0.245
-0.24
-0.235
-0.24
-0.235
-0.23
-0.245
-0.24
-0.24
-0.225
-0.23
-0.23
-0.245
-0.245
-0.23
-0.22
-0.225
-0.23
-0.25
-0.24
-0.225
-0.225
-0.22
-0.23
-0.235
-0.24
-0.23
-0.215
-0.21
-0.215
-0.235
-0.225
-0.22
-0.2
-0.21
-0.225
-0.24
-0.225
-0.195
-0.155
-0.11
-0.055
0.015
0.085
0.17
0.265
0.375
0.575
1.01
1.525
1.635
1.465
1.34
1.325
1.275
1.12
0.89
0.675
0.48
0.3
0.135
-0.01
-0.125
-0.195
-0.235
-0.26
-0.285
-0.27
-0.255
-0.255
-0.255
-0.265
-0.27
-0.275
-0.27
-0.265
-0.27
-0.275
-0.305
-0.31
-0.305
-0.29
-0.28
-0.3
-0.305
-0.32
-0.31
-0.3
-0.32
-0.315
-0.335
-0.32
-0.335
-0.325
-0.33
-0.345
-0.37
-0.37
-0.36
-0.35
-0.36
-0.385
-0.39
-0.39
-0.375
-0.37
-0.38
-0.395
-0.405
-0.39
-0.39
-0.385
-0.38
-0.39
-0.415
-0.4
-0.405
-0.395
-0.405
-0.42
-0.415
-0.42
-0.41
-0.41
-0.405
-0.41
-0.435
-0.42
-0.41
-0.4
-0.405
-0.405
-0.43
-0.415
-0.415
-0.39
-0.385
-0.395
-0.4
-0.39
-0.38
-0.36
-0.355
-0.36
-0.37
-0.35
-0.345
-0.315
-0.32
-0.31
-0.31
-0.305
-0.295
-0.27
-0.27
-0.265
-0.26
-0.255
-0.24
-0.225
-0.23
-0.225
-0.235
-0.22
-0.21
-0.205
-0.2
-0.21
-0.225
-0.23
-0.21
-0.205
-0.195
-0.21
-0.215
-0.215
-0.19
-0.185
-0.185
-0.2
-0.21
-0.205
-0.195
-0.18
-0.2
-0.195
-0.2
-0.205
-0.185
-0.185
-0.195
-0.21
-0.22
-0.235
-0.215
-0.215
-0.21
-0.205
-0.225
-0.225
-0.215
-0.22
-0.22
-0.22
-0.245
-0.25
-0.24
-0.235
-0.23
-0.235
-0.245
-0.23
-0.225
-0.22
-0.22
-0.225
-0.25
-0.24
-0.23
-0.225
-0.23
-0.24
-0.24
-0.23
-0.235
-0.235
-0.23
-0.225
-0.24
-0.235
-0.225
-0.215
-0.21
-0.22
-0.225
-0.21
-0.205
-0.195
-0.205
-0.21
-0.23
-0.225
-0.215
-0.21
-0.21
-0.22
-0.22
-0.225
-0.23
-0.22
-0.225
-0.215
-0.23
-0.22
-0.215
-0.2
-0.195
-0.2
-0.21
-0.195
-0.175
-0.17
-0.17
-0.17
-0.18
-0.175
-0.16
-0.15
-0.125
-0.12
-0.13
-0.12
-0.115
-0.1
-0.105
-0.12
-0.155
-0.16
-0.17
-0.155
-0.15
-0.165
-0.17
-0.18
-0.17
-0.17
-0.175
-0.18
-0.19
-0.195
-0.18
-0.17
-0.185
-0.18
-0.195
-0.22
-0.19
-0.17
-0.165
-0.17
-0.18
-0.195
-0.18
-0.175
-0.165
-0.17
-0.175
-0.175
-0.155
-0.135
-0.145
-0.16
-0.165
-0.155
-0.15
-0.145
-0.14
-0.145
-0.145
-0.13
-0.075
-0.01
0.155
0.52
0.94
0.905
0.5
0.195
0.165
0.245
0.315
0.365
0.405
0.46
0.52
0.6
0.715
0.845
1.015
1.14
1.215
1.21
1.11
0.965
0.77
0.6
0.425
0.275
0.135
0.005
-0.105
-0.185
-0.225
-0.26
-0.26
-0.265
-0.24
-0.23
-0.24
-0.25
-0.25
-0.245
-0.235
-0.225
-0.23
-0.23
-0.245
-0.245
-0.255
-0.25
-0.25
-0.265
-0.27
-0.26
-0.25
-0.245
-0.25
-0.265
-0.28
-0.27
-0.26
-0.26
-0.275
-0.285
-0.3
-0.305
-0.305
-0.305
-0.285
-0.305
-0.315
-0.305
-0.31
-0.31
-0.32
-0.31
-0.34
-0.345
-0.335
-0.32
-0.325
-0.34
-0.345
-0.35
-0.35
-0.34
-0.35
-0.36
-0.365
-0.37
-0.36
-0.355
-0.35
-0.355
-0.365
-0.365
-0.365
-0.355
-0.365
-0.36
-0.37
-0.375
-0.355
-0.35
-0.36
-0.365
-0.38
-0.365
-0.355
-0.36
-0.355
-0.365
-0.355
-0.36
-0.34
-0.33
-0.325
-0.325
-0.34
-0.325
-0.3
-0.295
-0.29
-0.285
-0.295
-0.285
-0.265
-0.255
-0.245
-0.245
-0.245
-0.24
-0.235
-0.21
-0.2
-0.21
-0.22
-0.21
-0.195
-0.175
-0.175
-0.18
-0.175
-0.175
-0.175
-0.16
-0.15
-0.18
-0.19
-0.175
-0.175
-0.165
-0.17
-0.185
-0.175
-0.18
-0.17
-0.17
-0.17
-0.18
-0.18
-0.18
-0.175
-0.17
-0.165
-0.18
-0.195
-0.2
-0.185
-0.175
-0.18
-0.185
-0.195
-0.19
-0.19
-0.18
-0.175
-0.195
-0.195
-0.21
-0.21
-0.19
-0.2
-0.215
-0.22
-0.21
-0.2
-0.205
-0.195
-0.205
-0.23
-0.225
-0.21
-0.21
-0.215
-0.245
-0.245
-0.235
-0.225
-0.215
-0.22
-0.24
-0.245
-0.23
-0.24
-0.23
-0.225
-0.235
-0.24
-0.24
-0.23
-0.215
-0.225
-0.235
-0.24
-0.245
-0.24
-0.225
-0.235
-0.24
-0.255
-0.25
-0.235
-0.23
-0.24
-0.25
-0.26
-0.26
-0.265
-0.25
-0.25
-0.25
-0.28
-0.28
-0.275
-0.265
-0.265
-0.265
-0.27
-0.275
-0.27
-0.26
-0.255
-0.255
-0.255
-0.25
-0.23
-0.215
-0.21
-0.22
-0.22
-0.23
-0.215
-0.195
-0.19
-0.21
-0.19
-0.185
-0.17
-0.16
-0.17
-0.175
-0.185
-0.2
-0.195
-0.205
-0.21
-0.21
-0.225
-0.235
-0.22
-0.22
-0.23
-0.23
-0.235
-0.24
-0.235
-0.23
-0.225
-0.225
-0.24
-0.235
-0.22
-0.21
-0.205
-0.21
-0.205
-0.19
-0.16
-0.09
0.03
0.375
0.82
0.925
0.545
0.155
0.0
0.015
0.03
0.025
0.0
-0.005
-0.015
-0.025
-0.025
-0.025
-0.04
-0.03
-0.04
-0.065
-0.08
-0.1
-0.105
-0.12
-0.115
-0.12
-0.12
-0.105
-0.075
-0.045
-0.055
-0.115
-0.18
-0.2
-0.17
-0.13
-0.085
-0.065
-0.015
0.02
0.035
0.015
-0.03
-0.065
-0.13
-0.19
-0.255
-0.3
-0.34
-0.375
-0.39
-0.38
-0.355
-0.32
-0.3
-0.3
-0.305
-0.31
-0.285
-0.28
-0.265
-0.27
-0.275
-0.265
-0.265
-0.245
-0.245
-0.25
-0.27
-0.26
-0.245
-0.235
-0.24
-0.24
-0.245
-0.255
-0.245
-0.24
-0.245
-0.25
-0.26
-0.26
-0.24
-0.24
-0.24
-0.245
-0.26
-0.255
-0.25
-0.225
-0.245
-0.24
-0.245
-0.245
-0.23
-0.23
-0.23
-0.23
-0.245
-0.24
-0.24
-0.21
-0.22
-0.23
-0.245
-0.24
-0.215
-0.215
-0.22
-0.22
-0.23
-0.215
-0.21
-0.2
-0.195
-0.195
-0.21
-0.21
-0.2
-0.19
-0.2
-0.2
-0.205
-0.195
-0.185
-0.185
-0.18
-0.195
-0.195
-0.195
-0.19
-0.175
-0.175
-0.18
-0.2
-0.18
-0.17
-0.165
-0.165
-0.17
-0.185
-0.175
-0.165
-0.16
-0.16
-0.15
-0.16
-0.155
-0.15
-0.135
-0.135
-0.15
-0.15
-0.145
-0.15
-0.145
-0.14
-0.165
-0.18
-0.16
-0.155
-0.15
-0.16
-0.16
-0.16
-0.18
-0.17
-0.165
-0.18
-0.185
-0.195
-0.2
-0.195
-0.2
-0.2
-0.215
-0.225
-0.22
-0.21
-0.215
-0.215
-0.235
-0.235
-0.235
-0.225
-0.22
-0.23
-0.24
-0.25
-0.255
-0.245
-0.24
-0.24
-0.25
-0.265
-0.26
-0.25
-0.245
-0.25
-0.26
-0.27
-0.265
-0.255
-0.245
-0.25
-0.26
-0.275
-0.275
-0.26
-0.25
-0.25
-0.255
-0.265
-0.27
-0.26
-0.255
-0.255
-0.27
-0.28
-0.265
-0.26
-0.26
-0.26
-0.265
-0.27
-0.265
-0.27
-0.255
-0.255
-0.255
-0.28
-0.27
-0.265
-0.26
-0.275
-0.275
-0.285
-0.28
-0.27
-0.26
-0.27
-0.275
-0.29
-0.29
-0.28
-0.275
-0.275
-0.285
-0.31
-0.3
-0.285
-0.275
-0.285
-0.295
-0.31
-0.31
-0.305
-0.295
-0.295
-0.31
-0.305
-0.31
-0.3
-0.28
-0.275
-0.28
-0.29
-0.28
-0.265
-0.25
-0.25
-0.265
-0.275
-0.265
-0.245
-0.23
-0.22
-0.225
-0.215
-0.215
-0.205
-0.2
-0.19
-0.205
-0.22
-0.225
-0.225
-0.225
-0.22
-0.24
-0.25
-0.25
-0.245
-0.245
-0.25
-0.255
-0.27
-0.26
-0.26
-0.25
-0.255
-0.255
-0.255
-0.245
-0.215
-0.16
-0.08
0.085
0.465
0.895
0.88
0.455
0.085
-0.02
-0.01
0.02
0.0
-0.04
-0.055
-0.075
-0.085
-0.075
-0.075
-0.065
-0.08
-0.095
-0.12
-0.13
-0.125
-0.14
-0.155
-0.185
-0.2
-0.215
-0.235
-0.265
-0.285
-0.325
-0.36
-0.405
-0.465
-0.55
-0.6
-0.63
-0.655
-0.65
-0.64
-0.64
-0.64
-0.635
-0.65
-0.63
-0.61
-0.57
-0.535
-0.505
-0.465
-0.405
-0.36
-0.3
-0.28
-0.275
-0.285
-0.27
-0.29
-0.31
-0.345
-0.375
-0.385
-0.38
-0.355
-0.36
-0.34
-0.335
-0.345
-0.32
-0.305
-0.29
-0.3
-0.29
-0.29
-0.295
-0.28
-0.25
-0.255
